#wl     HI_0   HI_1
1154.891  0.9979  0.9990
1154.951  0.9968  0.9984
1155.010  0.9964  0.9983
1155.070  0.9962  0.9982
1155.130  0.9962  0.9982
1155.190  0.9961  0.9981
1155.250  0.9961  0.9981
1155.310  0.9961  0.9981
1155.369  0.9961  0.9981
1155.429  0.9961  0.9981
1155.489  0.9961  0.9981
1155.549  0.9961  0.9981
1155.609  0.9960  0.9981
1155.668  0.9960  0.9981
1155.728  0.9960  0.9981
1155.788  0.9960  0.9981
1155.848  0.9960  0.9981
1155.908  0.9960  0.9981
1155.968  0.9960  0.9981
1156.027  0.9960  0.9981
1156.087  0.9960  0.9981
1156.147  0.9960  0.9981
1156.207  0.9960  0.9981
1156.267  0.9960  0.9981
1156.327  0.9959  0.9981
1156.386  0.9959  0.9981
1156.446  0.9959  0.9980
1156.506  0.9959  0.9980
1156.566  0.9959  0.9980
1156.626  0.9959  0.9980
1156.685  0.9959  0.9980
1156.745  0.9959  0.9980
1156.805  0.9959  0.9980
1156.865  0.9959  0.9980
1156.925  0.9959  0.9980
1156.984  0.9958  0.9980
1157.044  0.9958  0.9980
1157.104  0.9958  0.9980
1157.164  0.9958  0.9980
1157.224  0.9958  0.9980
1157.284  0.9958  0.9980
1157.343  0.9958  0.9980
1157.403  0.9958  0.9980
1157.463  0.9958  0.9980
1157.523  0.9958  0.9980
1157.583  0.9958  0.9980
1157.643  0.9957  0.9980
1157.702  0.9957  0.9980
1157.762  0.9957  0.9980
1157.822  0.9957  0.9980
1157.882  0.9957  0.9979
1157.942  0.9957  0.9979
1158.001  0.9957  0.9979
1158.061  0.9957  0.9979
1158.121  0.9957  0.9979
1158.181  0.9957  0.9979
1158.241  0.9957  0.9979
1158.301  0.9956  0.9979
1158.360  0.9956  0.9979
1158.420  0.9956  0.9979
1158.480  0.9956  0.9979
1158.540  0.9956  0.9979
1158.600  0.9956  0.9979
1158.659  0.9956  0.9979
1158.719  0.9956  0.9979
1158.779  0.9956  0.9979
1158.839  0.9956  0.9979
1158.899  0.9955  0.9979
1158.959  0.9955  0.9979
1159.018  0.9955  0.9979
1159.078  0.9955  0.9979
1159.138  0.9955  0.9979
1159.198  0.9955  0.9979
1159.258  0.9955  0.9978
1159.318  0.9955  0.9978
1159.377  0.9955  0.9978
1159.437  0.9955  0.9978
1159.497  0.9954  0.9978
1159.557  0.9954  0.9978
1159.617  0.9954  0.9978
1159.676  0.9954  0.9978
1159.736  0.9954  0.9978
1159.796  0.9954  0.9978
1159.856  0.9954  0.9978
1159.916  0.9954  0.9978
1159.975  0.9954  0.9978
1160.035  0.9954  0.9978
1160.095  0.9953  0.9978
1160.155  0.9953  0.9978
1160.215  0.9953  0.9978
1160.275  0.9953  0.9978
1160.334  0.9953  0.9978
1160.394  0.9953  0.9978
1160.454  0.9953  0.9978
1160.514  0.9953  0.9977
1160.574  0.9953  0.9977
1160.634  0.9953  0.9977
1160.693  0.9952  0.9977
1160.753  0.9952  0.9977
1160.813  0.9952  0.9977
1160.873  0.9952  0.9977
1160.933  0.9952  0.9977
1160.992  0.9952  0.9977
1161.052  0.9952  0.9977
1161.112  0.9952  0.9977
1161.172  0.9952  0.9977
1161.232  0.9951  0.9977
1161.292  0.9951  0.9977
1161.351  0.9951  0.9977
1161.411  0.9951  0.9977
1161.471  0.9951  0.9977
1161.531  0.9951  0.9977
1161.591  0.9951  0.9977
1161.651  0.9951  0.9976
1161.710  0.9951  0.9976
1161.770  0.9950  0.9976
1161.830  0.9950  0.9976
1161.890  0.9950  0.9976
1161.950  0.9950  0.9976
1162.009  0.9950  0.9976
1162.069  0.9950  0.9976
1162.129  0.9950  0.9976
1162.189  0.9950  0.9976
1162.249  0.9949  0.9976
1162.308  0.9949  0.9976
1162.368  0.9949  0.9976
1162.428  0.9949  0.9976
1162.488  0.9949  0.9976
1162.548  0.9949  0.9976
1162.608  0.9949  0.9976
1162.667  0.9949  0.9976
1162.727  0.9949  0.9976
1162.787  0.9948  0.9975
1162.847  0.9948  0.9975
1162.907  0.9948  0.9975
1162.967  0.9948  0.9975
1163.026  0.9948  0.9975
1163.086  0.9948  0.9975
1163.146  0.9948  0.9975
1163.206  0.9948  0.9975
1163.266  0.9947  0.9975
1163.325  0.9947  0.9975
1163.385  0.9947  0.9975
1163.445  0.9947  0.9975
1163.505  0.9947  0.9975
1163.565  0.9947  0.9975
1163.625  0.9947  0.9975
1163.684  0.9947  0.9975
1163.744  0.9946  0.9975
1163.804  0.9946  0.9974
1163.864  0.9946  0.9974
1163.924  0.9946  0.9974
1163.984  0.9946  0.9974
1164.043  0.9946  0.9974
1164.103  0.9946  0.9974
1164.163  0.9945  0.9974
1164.223  0.9945  0.9974
1164.283  0.9945  0.9974
1164.342  0.9945  0.9974
1164.402  0.9945  0.9974
1164.462  0.9945  0.9974
1164.522  0.9945  0.9974
1164.582  0.9945  0.9974
1164.641  0.9944  0.9974
1164.701  0.9944  0.9974
1164.761  0.9944  0.9974
1164.821  0.9944  0.9973
1164.881  0.9944  0.9973
1164.941  0.9944  0.9973
1165.000  0.9944  0.9973
1165.060  0.9943  0.9973
1165.120  0.9943  0.9973
1165.180  0.9943  0.9973
1165.240  0.9943  0.9973
1165.300  0.9943  0.9973
1165.359  0.9943  0.9973
1165.419  0.9943  0.9973
1165.479  0.9942  0.9973
1165.539  0.9942  0.9973
1165.599  0.9942  0.9973
1165.658  0.9942  0.9973
1165.718  0.9942  0.9972
1165.778  0.9942  0.9972
1165.838  0.9942  0.9972
1165.898  0.9941  0.9972
1165.958  0.9941  0.9972
1166.017  0.9941  0.9972
1166.077  0.9941  0.9972
1166.137  0.9941  0.9972
1166.197  0.9941  0.9972
1166.257  0.9941  0.9972
1166.316  0.9940  0.9972
1166.376  0.9940  0.9972
1166.436  0.9940  0.9972
1166.496  0.9940  0.9972
1166.556  0.9940  0.9972
1166.616  0.9940  0.9971
1166.675  0.9940  0.9971
1166.735  0.9939  0.9971
1166.795  0.9939  0.9971
1166.855  0.9939  0.9971
1166.915  0.9939  0.9971
1166.974  0.9939  0.9971
1167.034  0.9939  0.9971
1167.094  0.9938  0.9971
1167.154  0.9938  0.9971
1167.214  0.9938  0.9971
1167.274  0.9938  0.9971
1167.333  0.9938  0.9971
1167.393  0.9938  0.9971
1167.453  0.9937  0.9970
1167.513  0.9937  0.9970
1167.573  0.9937  0.9970
1167.632  0.9937  0.9970
1167.692  0.9937  0.9970
1167.752  0.9937  0.9970
1167.812  0.9936  0.9970
1167.872  0.9936  0.9970
1167.932  0.9936  0.9970
1167.991  0.9936  0.9970
1168.051  0.9936  0.9970
1168.111  0.9936  0.9970
1168.171  0.9936  0.9970
1168.231  0.9935  0.9970
1168.291  0.9935  0.9969
1168.350  0.9935  0.9969
1168.410  0.9935  0.9969
1168.470  0.9935  0.9969
1168.530  0.9934  0.9969
1168.590  0.9934  0.9969
1168.649  0.9934  0.9969
1168.709  0.9934  0.9969
1168.769  0.9934  0.9969
1168.829  0.9934  0.9969
1168.889  0.9933  0.9969
1168.948  0.9933  0.9969
1169.008  0.9933  0.9968
1169.068  0.9933  0.9968
1169.128  0.9933  0.9968
1169.188  0.9933  0.9968
1169.248  0.9932  0.9968
1169.307  0.9932  0.9968
1169.367  0.9932  0.9968
1169.427  0.9932  0.9968
1169.487  0.9932  0.9968
1169.547  0.9931  0.9968
1169.607  0.9931  0.9968
1169.666  0.9931  0.9968
1169.726  0.9931  0.9968
1169.786  0.9931  0.9967
1169.846  0.9931  0.9967
1169.906  0.9930  0.9967
1169.965  0.9930  0.9967
1170.025  0.9930  0.9967
1170.085  0.9930  0.9967
1170.145  0.9930  0.9967
1170.205  0.9929  0.9967
1170.265  0.9929  0.9967
1170.324  0.9929  0.9967
1170.384  0.9929  0.9967
1170.444  0.9929  0.9966
1170.504  0.9928  0.9966
1170.564  0.9928  0.9966
1170.624  0.9928  0.9966
1170.683  0.9928  0.9966
1170.743  0.9928  0.9966
1170.803  0.9927  0.9966
1170.863  0.9927  0.9966
1170.923  0.9927  0.9966
1170.982  0.9927  0.9966
1171.042  0.9927  0.9966
1171.102  0.9926  0.9965
1171.162  0.9926  0.9965
1171.222  0.9926  0.9965
1171.281  0.9926  0.9965
1171.341  0.9926  0.9965
1171.401  0.9925  0.9965
1171.461  0.9925  0.9965
1171.521  0.9925  0.9965
1171.581  0.9925  0.9965
1171.640  0.9925  0.9965
1171.700  0.9924  0.9965
1171.760  0.9924  0.9964
1171.820  0.9924  0.9964
1171.880  0.9924  0.9964
1171.940  0.9923  0.9964
1171.999  0.9923  0.9964
1172.059  0.9923  0.9964
1172.119  0.9923  0.9964
1172.179  0.9923  0.9964
1172.239  0.9922  0.9964
1172.298  0.9922  0.9964
1172.358  0.9922  0.9963
1172.418  0.9922  0.9963
1172.478  0.9921  0.9963
1172.538  0.9921  0.9963
1172.598  0.9921  0.9963
1172.657  0.9921  0.9963
1172.717  0.9921  0.9963
1172.777  0.9920  0.9963
1172.837  0.9920  0.9963
1172.897  0.9920  0.9963
1172.956  0.9920  0.9962
1173.016  0.9919  0.9962
1173.076  0.9919  0.9962
1173.136  0.9919  0.9962
1173.196  0.9919  0.9962
1173.256  0.9919  0.9962
1173.315  0.9918  0.9962
1173.375  0.9918  0.9962
1173.435  0.9918  0.9962
1173.495  0.9918  0.9962
1173.555  0.9917  0.9961
1173.615  0.9917  0.9961
1173.674  0.9917  0.9961
1173.734  0.9917  0.9961
1173.794  0.9916  0.9961
1173.854  0.9916  0.9961
1173.914  0.9916  0.9961
1173.973  0.9916  0.9961
1174.033  0.9915  0.9961
1174.093  0.9915  0.9960
1174.153  0.9915  0.9960
1174.213  0.9915  0.9960
1174.272  0.9914  0.9960
1174.332  0.9914  0.9960
1174.392  0.9914  0.9960
1174.452  0.9914  0.9960
1174.512  0.9913  0.9960
1174.572  0.9913  0.9959
1174.631  0.9913  0.9959
1174.691  0.9913  0.9959
1174.751  0.9912  0.9959
1174.811  0.9912  0.9959
1174.871  0.9912  0.9959
1174.931  0.9911  0.9959
1174.990  0.9911  0.9959
1175.050  0.9911  0.9959
1175.110  0.9911  0.9958
1175.170  0.9910  0.9958
1175.230  0.9910  0.9958
1175.289  0.9910  0.9958
1175.349  0.9910  0.9958
1175.409  0.9909  0.9958
1175.469  0.9909  0.9958
1175.529  0.9909  0.9958
1175.589  0.9908  0.9957
1175.648  0.9908  0.9957
1175.708  0.9908  0.9957
1175.768  0.9908  0.9957
1175.828  0.9907  0.9957
1175.888  0.9907  0.9957
1175.948  0.9907  0.9957
1176.007  0.9906  0.9957
1176.067  0.9906  0.9956
1176.127  0.9906  0.9956
1176.187  0.9906  0.9956
1176.247  0.9905  0.9956
1176.306  0.9905  0.9956
1176.366  0.9905  0.9956
1176.426  0.9904  0.9956
1176.486  0.9904  0.9956
1176.546  0.9904  0.9955
1176.605  0.9903  0.9955
1176.665  0.9903  0.9955
1176.725  0.9903  0.9955
1176.785  0.9903  0.9955
1176.845  0.9902  0.9955
1176.905  0.9902  0.9955
1176.964  0.9902  0.9954
1177.024  0.9901  0.9954
1177.084  0.9901  0.9954
1177.144  0.9901  0.9954
1177.204  0.9900  0.9954
1177.264  0.9900  0.9954
1177.323  0.9900  0.9954
1177.383  0.9899  0.9953
1177.443  0.9899  0.9953
1177.503  0.9899  0.9953
1177.563  0.9898  0.9953
1177.622  0.9898  0.9953
1177.682  0.9898  0.9953
1177.742  0.9897  0.9953
1177.802  0.9897  0.9952
1177.862  0.9897  0.9952
1177.922  0.9896  0.9952
1177.981  0.9896  0.9952
1178.041  0.9896  0.9952
1178.101  0.9895  0.9952
1178.161  0.9895  0.9952
1178.221  0.9895  0.9951
1178.280  0.9894  0.9951
1178.340  0.9894  0.9951
1178.400  0.9894  0.9951
1178.460  0.9893  0.9951
1178.520  0.9893  0.9951
1178.580  0.9893  0.9950
1178.639  0.9892  0.9950
1178.699  0.9892  0.9950
1178.759  0.9892  0.9950
1178.819  0.9891  0.9950
1178.879  0.9891  0.9950
1178.938  0.9890  0.9950
1178.998  0.9890  0.9949
1179.058  0.9890  0.9949
1179.118  0.9889  0.9949
1179.178  0.9889  0.9949
1179.238  0.9889  0.9949
1179.297  0.9888  0.9949
1179.357  0.9888  0.9948
1179.417  0.9888  0.9948
1179.477  0.9887  0.9948
1179.537  0.9887  0.9948
1179.596  0.9886  0.9948
1179.656  0.9886  0.9948
1179.716  0.9886  0.9947
1179.776  0.9885  0.9947
1179.836  0.9885  0.9947
1179.896  0.9884  0.9947
1179.955  0.9884  0.9947
1180.015  0.9884  0.9947
1180.075  0.9883  0.9946
1180.135  0.9883  0.9946
1180.195  0.9882  0.9946
1180.255  0.9882  0.9946
1180.314  0.9882  0.9946
1180.374  0.9881  0.9945
1180.434  0.9881  0.9945
1180.494  0.9880  0.9945
1180.554  0.9880  0.9945
1180.613  0.9880  0.9945
1180.673  0.9879  0.9945
1180.733  0.9879  0.9944
1180.793  0.9878  0.9944
1180.853  0.9878  0.9944
1180.912  0.9877  0.9944
1180.972  0.9877  0.9944
1181.032  0.9877  0.9943
1181.092  0.9876  0.9943
1181.152  0.9876  0.9943
1181.212  0.9875  0.9943
1181.271  0.9875  0.9943
1181.331  0.9874  0.9942
1181.391  0.9874  0.9942
1181.451  0.9873  0.9942
1181.511  0.9873  0.9942
1181.571  0.9873  0.9942
1181.630  0.9872  0.9941
1181.690  0.9872  0.9941
1181.750  0.9871  0.9941
1181.810  0.9871  0.9941
1181.870  0.9870  0.9941
1181.929  0.9870  0.9940
1181.989  0.9869  0.9940
1182.049  0.9869  0.9940
1182.109  0.9868  0.9940
1182.169  0.9868  0.9940
1182.229  0.9867  0.9939
1182.288  0.9867  0.9939
1182.348  0.9866  0.9939
1182.408  0.9866  0.9939
1182.468  0.9865  0.9939
1182.528  0.9865  0.9938
1182.588  0.9864  0.9938
1182.647  0.9864  0.9938
1182.707  0.9863  0.9938
1182.767  0.9863  0.9938
1182.827  0.9862  0.9937
1182.887  0.9862  0.9937
1182.946  0.9861  0.9937
1183.006  0.9861  0.9937
1183.066  0.9860  0.9936
1183.126  0.9860  0.9936
1183.186  0.9859  0.9936
1183.245  0.9859  0.9936
1183.305  0.9858  0.9936
1183.365  0.9858  0.9935
1183.425  0.9857  0.9935
1183.485  0.9857  0.9935
1183.545  0.9856  0.9935
1183.604  0.9855  0.9934
1183.664  0.9855  0.9934
1183.724  0.9854  0.9934
1183.784  0.9854  0.9934
1183.844  0.9853  0.9933
1183.904  0.9853  0.9933
1183.963  0.9852  0.9933
1184.023  0.9852  0.9933
1184.083  0.9851  0.9932
1184.143  0.9850  0.9932
1184.203  0.9850  0.9932
1184.262  0.9849  0.9932
1184.322  0.9849  0.9931
1184.382  0.9848  0.9931
1184.442  0.9847  0.9931
1184.502  0.9847  0.9931
1184.562  0.9846  0.9930
1184.621  0.9846  0.9930
1184.681  0.9845  0.9930
1184.741  0.9844  0.9930
1184.801  0.9844  0.9929
1184.861  0.9843  0.9929
1184.920  0.9843  0.9929
1184.980  0.9842  0.9929
1185.040  0.9841  0.9928
1185.100  0.9841  0.9928
1185.160  0.9840  0.9928
1185.220  0.9839  0.9927
1185.279  0.9839  0.9927
1185.339  0.9838  0.9927
1185.399  0.9838  0.9927
1185.459  0.9837  0.9926
1185.519  0.9836  0.9926
1185.578  0.9836  0.9926
1185.638  0.9835  0.9926
1185.698  0.9834  0.9925
1185.758  0.9834  0.9925
1185.818  0.9833  0.9925
1185.878  0.9832  0.9924
1185.937  0.9832  0.9924
1185.997  0.9831  0.9924
1186.057  0.9830  0.9924
1186.117  0.9829  0.9923
1186.177  0.9829  0.9923
1186.236  0.9828  0.9923
1186.296  0.9827  0.9922
1186.356  0.9827  0.9922
1186.416  0.9826  0.9922
1186.476  0.9825  0.9921
1186.536  0.9824  0.9921
1186.595  0.9824  0.9921
1186.655  0.9823  0.9920
1186.715  0.9822  0.9920
1186.775  0.9821  0.9920
1186.835  0.9821  0.9920
1186.895  0.9820  0.9919
1186.954  0.9819  0.9919
1187.014  0.9818  0.9919
1187.074  0.9818  0.9918
1187.134  0.9817  0.9918
1187.194  0.9816  0.9918
1187.253  0.9815  0.9917
1187.313  0.9815  0.9917
1187.373  0.9814  0.9917
1187.433  0.9813  0.9916
1187.493  0.9812  0.9916
1187.552  0.9811  0.9916
1187.612  0.9810  0.9915
1187.672  0.9810  0.9915
1187.732  0.9809  0.9915
1187.792  0.9808  0.9914
1187.852  0.9807  0.9914
1187.911  0.9806  0.9913
1187.971  0.9805  0.9913
1188.031  0.9805  0.9913
1188.091  0.9804  0.9912
1188.151  0.9803  0.9912
1188.211  0.9802  0.9912
1188.270  0.9801  0.9911
1188.330  0.9800  0.9911
1188.390  0.9799  0.9911
1188.450  0.9799  0.9910
1188.510  0.9798  0.9910
1188.569  0.9797  0.9909
1188.629  0.9796  0.9909
1188.689  0.9795  0.9909
1188.749  0.9794  0.9908
1188.809  0.9793  0.9908
1188.869  0.9792  0.9908
1188.928  0.9791  0.9907
1188.988  0.9790  0.9907
1189.048  0.9789  0.9906
1189.108  0.9788  0.9906
1189.168  0.9787  0.9906
1189.228  0.9786  0.9905
1189.287  0.9785  0.9905
1189.347  0.9784  0.9904
1189.407  0.9783  0.9904
1189.467  0.9782  0.9904
1189.527  0.9781  0.9903
1189.586  0.9780  0.9903
1189.646  0.9779  0.9902
1189.706  0.9778  0.9902
1189.766  0.9777  0.9901
1189.826  0.9776  0.9901
1189.885  0.9775  0.9901
1189.945  0.9774  0.9900
1190.005  0.9773  0.9900
1190.065  0.9772  0.9899
1190.125  0.9771  0.9899
1190.185  0.9770  0.9898
1190.244  0.9769  0.9898
1190.304  0.9768  0.9897
1190.364  0.9767  0.9897
1190.424  0.9765  0.9897
1190.484  0.9764  0.9896
1190.544  0.9763  0.9896
1190.603  0.9762  0.9895
1190.663  0.9761  0.9895
1190.723  0.9760  0.9894
1190.783  0.9759  0.9894
1190.843  0.9757  0.9893
1190.902  0.9756  0.9893
1190.962  0.9755  0.9892
1191.022  0.9754  0.9892
1191.082  0.9753  0.9891
1191.142  0.9751  0.9891
1191.202  0.9750  0.9890
1191.261  0.9749  0.9890
1191.321  0.9748  0.9889
1191.381  0.9746  0.9889
1191.441  0.9745  0.9888
1191.501  0.9744  0.9888
1191.560  0.9743  0.9887
1191.620  0.9741  0.9887
1191.680  0.9740  0.9886
1191.740  0.9739  0.9886
1191.800  0.9737  0.9885
1191.860  0.9736  0.9885
1191.919  0.9735  0.9884
1191.979  0.9733  0.9883
1192.039  0.9732  0.9883
1192.099  0.9731  0.9882
1192.159  0.9729  0.9882
1192.219  0.9728  0.9881
1192.278  0.9727  0.9881
1192.338  0.9725  0.9880
1192.398  0.9724  0.9879
1192.458  0.9722  0.9879
1192.518  0.9721  0.9878
1192.577  0.9719  0.9878
1192.637  0.9718  0.9877
1192.697  0.9716  0.9877
1192.757  0.9715  0.9876
1192.817  0.9713  0.9875
1192.876  0.9712  0.9875
1192.936  0.9710  0.9874
1192.996  0.9709  0.9873
1193.056  0.9707  0.9873
1193.116  0.9706  0.9872
1193.176  0.9704  0.9872
1193.235  0.9703  0.9871
1193.295  0.9701  0.9870
1193.355  0.9699  0.9870
1193.415  0.9698  0.9869
1193.475  0.9696  0.9868
1193.535  0.9695  0.9868
1193.594  0.9693  0.9867
1193.654  0.9691  0.9866
1193.714  0.9690  0.9866
1193.774  0.9688  0.9865
1193.834  0.9686  0.9864
1193.893  0.9684  0.9864
1193.953  0.9683  0.9863
1194.013  0.9681  0.9862
1194.073  0.9679  0.9862
1194.133  0.9677  0.9861
1194.193  0.9676  0.9860
1194.252  0.9674  0.9859
1194.312  0.9672  0.9859
1194.372  0.9670  0.9858
1194.432  0.9668  0.9857
1194.492  0.9666  0.9856
1194.552  0.9664  0.9856
1194.611  0.9663  0.9855
1194.671  0.9661  0.9854
1194.731  0.9659  0.9853
1194.791  0.9657  0.9853
1194.851  0.9655  0.9852
1194.910  0.9653  0.9851
1194.970  0.9651  0.9850
1195.030  0.9649  0.9849
1195.090  0.9647  0.9849
1195.150  0.9645  0.9848
1195.209  0.9643  0.9847
1195.269  0.9640  0.9846
1195.329  0.9638  0.9845
1195.389  0.9636  0.9845
1195.449  0.9634  0.9844
1195.509  0.9632  0.9843
1195.568  0.9630  0.9842
1195.628  0.9627  0.9841
1195.688  0.9625  0.9840
1195.748  0.9623  0.9839
1195.808  0.9621  0.9839
1195.868  0.9618  0.9838
1195.927  0.9616  0.9837
1195.987  0.9614  0.9836
1196.047  0.9611  0.9835
1196.107  0.9609  0.9834
1196.167  0.9607  0.9833
1196.226  0.9604  0.9832
1196.286  0.9602  0.9831
1196.346  0.9599  0.9830
1196.406  0.9597  0.9829
1196.466  0.9594  0.9828
1196.526  0.9592  0.9827
1196.585  0.9589  0.9826
1196.645  0.9587  0.9825
1196.705  0.9584  0.9824
1196.765  0.9582  0.9823
1196.825  0.9579  0.9822
1196.885  0.9576  0.9821
1196.944  0.9574  0.9820
1197.004  0.9571  0.9819
1197.064  0.9568  0.9818
1197.124  0.9565  0.9817
1197.184  0.9563  0.9816
1197.243  0.9560  0.9815
1197.303  0.9557  0.9814
1197.363  0.9554  0.9813
1197.423  0.9551  0.9812
1197.483  0.9548  0.9810
1197.542  0.9545  0.9809
1197.602  0.9542  0.9808
1197.662  0.9539  0.9807
1197.722  0.9536  0.9806
1197.782  0.9533  0.9805
1197.842  0.9530  0.9803
1197.901  0.9527  0.9802
1197.961  0.9524  0.9801
1198.021  0.9521  0.9800
1198.081  0.9517  0.9799
1198.141  0.9514  0.9797
1198.201  0.9511  0.9796
1198.260  0.9507  0.9795
1198.320  0.9504  0.9794
1198.380  0.9501  0.9792
1198.440  0.9497  0.9791
1198.500  0.9494  0.9790
1198.559  0.9490  0.9788
1198.619  0.9487  0.9787
1198.679  0.9483  0.9786
1198.739  0.9480  0.9784
1198.799  0.9476  0.9783
1198.859  0.9472  0.9782
1198.918  0.9469  0.9780
1198.978  0.9465  0.9779
1199.038  0.9461  0.9777
1199.098  0.9457  0.9776
1199.158  0.9453  0.9774
1199.217  0.9449  0.9773
1199.277  0.9445  0.9772
1199.337  0.9441  0.9770
1199.397  0.9437  0.9769
1199.457  0.9433  0.9767
1199.517  0.9429  0.9765
1199.576  0.9425  0.9764
1199.636  0.9421  0.9762
1199.696  0.9417  0.9761
1199.756  0.9412  0.9759
1199.816  0.9408  0.9758
1199.875  0.9403  0.9756
1199.935  0.9399  0.9754
1199.995  0.9395  0.9753
1200.055  0.9390  0.9751
1200.115  0.9385  0.9749
1200.175  0.9381  0.9748
1200.234  0.9376  0.9746
1200.294  0.9371  0.9744
1200.354  0.9366  0.9742
1200.414  0.9362  0.9741
1200.474  0.9357  0.9739
1200.533  0.9352  0.9737
1200.593  0.9347  0.9735
1200.653  0.9342  0.9733
1200.713  0.9336  0.9731
1200.773  0.9331  0.9729
1200.833  0.9326  0.9727
1200.892  0.9321  0.9726
1200.952  0.9315  0.9724
1201.012  0.9310  0.9722
1201.072  0.9304  0.9720
1201.132  0.9299  0.9718
1201.192  0.9293  0.9716
1201.251  0.9287  0.9713
1201.311  0.9281  0.9711
1201.371  0.9276  0.9709
1201.431  0.9270  0.9707
1201.491  0.9264  0.9705
1201.550  0.9258  0.9703
1201.610  0.9251  0.9701
1201.670  0.9245  0.9698
1201.730  0.9239  0.9696
1201.790  0.9232  0.9694
1201.849  0.9226  0.9692
1201.909  0.9220  0.9689
1201.969  0.9213  0.9687
1202.029  0.9206  0.9684
1202.089  0.9199  0.9682
1202.149  0.9192  0.9680
1202.208  0.9186  0.9677
1202.268  0.9179  0.9675
1202.328  0.9171  0.9672
1202.388  0.9164  0.9670
1202.448  0.9157  0.9667
1202.508  0.9149  0.9664
1202.567  0.9142  0.9662
1202.627  0.9134  0.9659
1202.687  0.9127  0.9656
1202.747  0.9119  0.9654
1202.807  0.9111  0.9651
1202.866  0.9103  0.9648
1202.926  0.9095  0.9645
1202.986  0.9087  0.9642
1203.046  0.9078  0.9639
1203.106  0.9070  0.9637
1203.166  0.9061  0.9634
1203.225  0.9053  0.9631
1203.285  0.9044  0.9628
1203.345  0.9035  0.9624
1203.405  0.9026  0.9621
1203.465  0.9017  0.9618
1203.525  0.9007  0.9615
1203.584  0.8998  0.9612
1203.644  0.8988  0.9608
1203.704  0.8979  0.9605
1203.764  0.8969  0.9602
1203.824  0.8959  0.9598
1203.883  0.8949  0.9595
1203.943  0.8939  0.9591
1204.003  0.8928  0.9588
1204.063  0.8918  0.9584
1204.123  0.8907  0.9581
1204.182  0.8896  0.9577
1204.242  0.8885  0.9573
1204.302  0.8874  0.9570
1204.362  0.8863  0.9566
1204.422  0.8851  0.9562
1204.482  0.8839  0.9558
1204.541  0.8828  0.9554
1204.601  0.8816  0.9550
1204.661  0.8803  0.9546
1204.721  0.8791  0.9542
1204.781  0.8778  0.9537
1204.841  0.8766  0.9533
1204.900  0.8753  0.9529
1204.960  0.8740  0.9525
1205.020  0.8726  0.9520
1205.080  0.8713  0.9516
1205.140  0.8699  0.9511
1205.199  0.8685  0.9507
1205.259  0.8671  0.9502
1205.319  0.8656  0.9497
1205.379  0.8642  0.9492
1205.439  0.8627  0.9487
1205.499  0.8612  0.9482
1205.558  0.8596  0.9478
1205.618  0.8581  0.9472
1205.678  0.8565  0.9467
1205.738  0.8549  0.9462
1205.798  0.8532  0.9457
1205.857  0.8516  0.9451
1205.917  0.8499  0.9446
1205.977  0.8482  0.9440
1206.037  0.8464  0.9435
1206.097  0.8446  0.9429
1206.157  0.8428  0.9423
1206.216  0.8410  0.9417
1206.276  0.8391  0.9411
1206.336  0.8372  0.9405
1206.396  0.8353  0.9399
1206.456  0.8333  0.9393
1206.516  0.8313  0.9386
1206.575  0.8293  0.9380
1206.635  0.8272  0.9373
1206.695  0.8251  0.9367
1206.755  0.8229  0.9360
1206.815  0.8207  0.9353
1206.874  0.8186  0.9346
1206.934  0.8163  0.9339
1206.994  0.8140  0.9332
1207.054  0.8116  0.9325
1207.114  0.8092  0.9317
1207.173  0.8068  0.9310
1207.233  0.8044  0.9302
1207.293  0.8018  0.9294
1207.353  0.7993  0.9286
1207.413  0.7966  0.9278
1207.473  0.7940  0.9270
1207.532  0.7913  0.9262
1207.592  0.7885  0.9253
1207.652  0.7857  0.9245
1207.712  0.7828  0.9236
1207.772  0.7799  0.9227
1207.832  0.7769  0.9218
1207.891  0.7739  0.9209
1207.951  0.7708  0.9199
1208.011  0.7676  0.9190
1208.071  0.7644  0.9180
1208.131  0.7611  0.9170
1208.190  0.7578  0.9160
1208.250  0.7544  0.9150
1208.310  0.7509  0.9139
1208.370  0.7473  0.9129
1208.430  0.7437  0.9118
1208.490  0.7400  0.9107
1208.549  0.7363  0.9096
1208.609  0.7324  0.9084
1208.669  0.7285  0.9072
1208.729  0.7245  0.9061
1208.789  0.7204  0.9048
1208.849  0.7162  0.9036
1208.908  0.7120  0.9024
1208.968  0.7076  0.9011
1209.028  0.7032  0.8998
1209.088  0.6986  0.8984
1209.148  0.6940  0.8971
1209.207  0.6894  0.8957
1209.267  0.6845  0.8943
1209.327  0.6796  0.8929
1209.387  0.6745  0.8914
1209.447  0.6694  0.8899
1209.506  0.6642  0.8884
1209.566  0.6588  0.8868
1209.626  0.6534  0.8852
1209.686  0.6477  0.8836
1209.746  0.6420  0.8820
1209.806  0.6362  0.8803
1209.865  0.6303  0.8786
1209.925  0.6242  0.8768
1209.985  0.6179  0.8750
1210.045  0.6116  0.8731
1210.105  0.6050  0.8713
1210.165  0.5984  0.8693
1210.224  0.5917  0.8674
1210.284  0.5847  0.8654
1210.344  0.5776  0.8634
1210.404  0.5704  0.8613
1210.464  0.5630  0.8591
1210.523  0.5555  0.8570
1210.583  0.5478  0.8547
1210.643  0.5399  0.8524
1210.703  0.5318  0.8501
1210.763  0.5236  0.8477
1210.823  0.5152  0.8452
1210.882  0.5067  0.8427
1210.942  0.4980  0.8402
1211.002  0.4890  0.8375
1211.062  0.4799  0.8348
1211.122  0.4706  0.8321
1211.181  0.4612  0.8293
1211.241  0.4515  0.8264
1211.301  0.4417  0.8234
1211.361  0.4316  0.8204
1211.421  0.4213  0.8173
1211.481  0.4109  0.8141
1211.540  0.4005  0.8109
1211.600  0.3896  0.8075
1211.660  0.3787  0.8041
1211.720  0.3675  0.8005
1211.780  0.3562  0.7969
1211.839  0.3449  0.7933
1211.899  0.3332  0.7894
1211.959  0.3214  0.7855
1212.019  0.3095  0.7815
1212.079  0.2974  0.7774
1212.139  0.2852  0.7732
1212.198  0.2731  0.7689
1212.258  0.2607  0.7644
1212.318  0.2483  0.7598
1212.378  0.2358  0.7551
1212.438  0.2233  0.7503
1212.497  0.2109  0.7454
1212.557  0.1984  0.7402
1212.617  0.1860  0.7350
1212.677  0.1737  0.7296
1212.737  0.1614  0.7240
1212.797  0.1494  0.7183
1212.856  0.1377  0.7125
1212.916  0.1261  0.7064
1212.976  0.1148  0.7002
1213.036  0.1038  0.6938
1213.096  0.0932  0.6871
1213.156  0.0830  0.6803
1213.215  0.0735  0.6735
1213.275  0.0643  0.6662
1213.335  0.0557  0.6588
1213.395  0.0477  0.6512
1213.455  0.0403  0.6433
1213.514  0.0337  0.6353
1213.574  0.0277  0.6269
1213.634  0.0223  0.6183
1213.694  0.0176  0.6094
1213.754  0.0137  0.6003
1213.813  0.0104  0.5910
1213.873  0.0076  0.5813
1213.933  0.0054  0.5713
1213.993  0.0037  0.5610
1214.053  0.0023  0.5504
1214.113  0.0013  0.5395
1214.172  0.0007  0.5285
1214.232  0.0003  0.5169
1214.292  0.0002  0.5050
1214.352  0.0001  0.4927
1214.412  0.0001  0.4801
1214.472  0.0001  0.4672
1214.531  0.0001  0.4541
1214.591  0.0000  0.4404
1214.651  0.0000  0.4264
1214.711  0.0000  0.4121
1214.771  0.0000  0.3973
1214.830  0.0000  0.3825
1214.890  0.0000  0.3671
1214.950  0.0000  0.3514
1215.010  0.0000  0.3354
1215.070  0.0000  0.3191
1215.130  0.0000  0.3026
1215.189  0.0000  0.2861
1215.249  0.0000  0.2691
1215.309  0.0000  0.2520
1215.369  0.0000  0.2348
1215.429  0.0000  0.2176
1215.489  0.0000  0.2004
1215.548  0.0000  0.1836
1215.608  0.0000  0.1667
1215.668  0.0000  0.1501
1215.728  0.0000  0.1339
1215.788  0.0000  0.1182
1215.847  0.0000  0.1034
1215.907  0.0000  0.0891
1215.967  0.0000  0.0756
1216.027  0.0000  0.0631
1216.087  0.0000  0.0517
1216.146  0.0000  0.0416
1216.206  0.0000  0.0326
1216.266  0.0000  0.0248
1216.326  0.0000  0.0183
1216.386  0.0000  0.0130
1216.446  0.0000  0.0089
1216.505  0.0000  0.0059
1216.565  0.0000  0.0037
1216.625  0.0000  0.0022
1216.685  0.0000  0.0013
1216.745  0.0000  0.0008
1216.805  0.0000  0.0004
1216.864  0.0000  0.0003
1216.924  0.0001  0.0002
1216.984  0.0001  0.0001
1217.044  0.0001  0.0001
1217.104  0.0001  0.0001
1217.163  0.0002  0.0001
1217.223  0.0004  0.0000
1217.283  0.0008  0.0000
1217.343  0.0016  0.0000
1217.403  0.0027  0.0000
1217.463  0.0042  0.0000
1217.522  0.0061  0.0000
1217.582  0.0085  0.0000
1217.642  0.0114  0.0000
1217.702  0.0150  0.0000
1217.762  0.0192  0.0000
1217.821  0.0239  0.0000
1217.881  0.0295  0.0000
1217.941  0.0357  0.0000
1218.001  0.0426  0.0000
1218.061  0.0501  0.0000
1218.121  0.0582  0.0000
1218.180  0.0668  0.0000
1218.240  0.0761  0.0000
1218.300  0.0858  0.0001
1218.360  0.0960  0.0001
1218.420  0.1066  0.0001
1218.479  0.1174  0.0001
1218.539  0.1287  0.0002
1218.599  0.1403  0.0003
1218.659  0.1521  0.0004
1218.719  0.1641  0.0007
1218.779  0.1762  0.0013
1218.838  0.1882  0.0022
1218.898  0.2005  0.0037
1218.958  0.2129  0.0059
1219.018  0.2253  0.0090
1219.078  0.2377  0.0131
1219.137  0.2498  0.0183
1219.197  0.2621  0.0247
1219.257  0.2744  0.0325
1219.317  0.2865  0.0415
1219.377  0.2986  0.0517
1219.437  0.3105  0.0630
1219.496  0.3221  0.0752
1219.556  0.3337  0.0886
1219.616  0.3452  0.1028
1219.676  0.3566  0.1177
1219.736  0.3677  0.1333
1219.796  0.3788  0.1494
1219.855  0.3894  0.1655
1219.915  0.4001  0.1823
1219.975  0.4106  0.1992
1220.035  0.4209  0.2163
1220.095  0.4310  0.2334
1220.154  0.4407  0.2502
1220.214  0.4505  0.2671
1220.274  0.4601  0.2840
1220.334  0.4694  0.3007
1220.394  0.4786  0.3171
1220.453  0.4875  0.3330
1220.513  0.4964  0.3489
1220.573  0.5050  0.3645
1220.633  0.5135  0.3798
1220.693  0.5218  0.3948
1220.753  0.5300  0.4095
1220.812  0.5378  0.4235
1220.872  0.5456  0.4374
1220.932  0.5533  0.4510
1220.992  0.5608  0.4643
1221.052  0.5681  0.4772
1221.112  0.5753  0.4897
1221.171  0.5822  0.5017
1221.231  0.5891  0.5136
1221.291  0.5958  0.5251
1221.351  0.6024  0.5363
1221.411  0.6088  0.5472
1221.470  0.6151  0.5576
1221.530  0.6212  0.5679
1221.590  0.6273  0.5778
1221.650  0.6332  0.5875
1221.710  0.6390  0.5969
1221.770  0.6447  0.6060
1221.829  0.6502  0.6148
1221.889  0.6556  0.6234
1221.949  0.6610  0.6317
1222.009  0.6662  0.6398
1222.069  0.6713  0.6477
1222.129  0.6763  0.6553
1222.188  0.6811  0.6626
1222.248  0.6859  0.6699
1222.308  0.6906  0.6769
1222.368  0.6952  0.6837
1222.428  0.6997  0.6903
1222.487  0.7041  0.6966
1222.547  0.7084  0.7028
1222.607  0.7127  0.7089
1222.667  0.7168  0.7148
1222.727  0.7209  0.7205
1222.786  0.7248  0.7260
1222.846  0.7288  0.7314
1222.906  0.7326  0.7367
1222.966  0.7364  0.7418
1223.026  0.7400  0.7468
1223.086  0.7437  0.7517
1223.145  0.7471  0.7563
1223.205  0.7506  0.7609
1223.265  0.7540  0.7654
1223.325  0.7574  0.7698
1223.385  0.7607  0.7740
1223.445  0.7639  0.7782
1223.504  0.7670  0.7821
1223.564  0.7701  0.7860
1223.624  0.7731  0.7899
1223.684  0.7761  0.7936
1223.744  0.7790  0.7972
1223.803  0.7819  0.8007
1223.863  0.7847  0.8042
1223.923  0.7875  0.8076
1223.983  0.7902  0.8108
1224.043  0.7928  0.8141
1224.103  0.7955  0.8172
1224.162  0.7980  0.8202
1224.222  0.8005  0.8232
1224.282  0.8030  0.8261
1224.342  0.8054  0.8289
1224.402  0.8078  0.8317
1224.461  0.8101  0.8344
1224.521  0.8125  0.8370
1224.581  0.8147  0.8396
1224.641  0.8170  0.8421
1224.701  0.8191  0.8446
1224.761  0.8213  0.8470
1224.820  0.8234  0.8493
1224.880  0.8255  0.8516
1224.940  0.8275  0.8539
1225.000  0.8295  0.8561
1225.060  0.8315  0.8583
1225.120  0.8334  0.8604
1225.179  0.8353  0.8624
1225.239  0.8372  0.8644
1225.299  0.8391  0.8664
1225.359  0.8409  0.8684
1225.419  0.8427  0.8703
1225.478  0.8444  0.8721
1225.538  0.8461  0.8739
1225.598  0.8478  0.8757
1225.658  0.8495  0.8774
1225.718  0.8512  0.8791
1225.777  0.8528  0.8808
1225.837  0.8544  0.8824
1225.897  0.8559  0.8840
1225.957  0.8575  0.8856
1226.017  0.8590  0.8871
1226.077  0.8605  0.8887
1226.136  0.8619  0.8901
1226.196  0.8634  0.8916
1226.256  0.8648  0.8930
1226.316  0.8662  0.8944
1226.376  0.8676  0.8958
1226.436  0.8690  0.8971
1226.495  0.8703  0.8984
1226.555  0.8717  0.8997
1226.615  0.8730  0.9010
1226.675  0.8742  0.9022
1226.735  0.8755  0.9035
1226.794  0.8767  0.9046
1226.854  0.8780  0.9058
1226.914  0.8792  0.9070
1226.974  0.8804  0.9081
1227.034  0.8816  0.9092
1227.094  0.8827  0.9103
1227.153  0.8838  0.9114
1227.213  0.8850  0.9125
1227.273  0.8861  0.9135
1227.333  0.8872  0.9145
1227.393  0.8883  0.9155
1227.453  0.8893  0.9165
1227.512  0.8904  0.9175
1227.572  0.8914  0.9184
1227.632  0.8924  0.9194
1227.692  0.8934  0.9203
1227.752  0.8944  0.9212
1227.811  0.8954  0.9221
1227.871  0.8964  0.9229
1227.931  0.8973  0.9238
1227.991  0.8982  0.9246
1228.051  0.8992  0.9255
1228.110  0.9001  0.9263
1228.170  0.9010  0.9271
1228.230  0.9019  0.9279
1228.290  0.9028  0.9287
1228.350  0.9036  0.9294
1228.410  0.9045  0.9302
1228.469  0.9053  0.9309
1228.529  0.9061  0.9317
1228.589  0.9070  0.9324
1228.649  0.9078  0.9331
1228.709  0.9086  0.9338
1228.769  0.9094  0.9345
1228.828  0.9101  0.9351
1228.888  0.9109  0.9358
1228.948  0.9117  0.9365
1229.008  0.9124  0.9371
1229.068  0.9132  0.9377
1229.127  0.9139  0.9384
1229.187  0.9146  0.9390
1229.247  0.9153  0.9396
1229.307  0.9160  0.9402
1229.367  0.9167  0.9408
1229.427  0.9174  0.9414
1229.486  0.9181  0.9419
1229.546  0.9188  0.9425
1229.606  0.9194  0.9430
1229.666  0.9201  0.9436
1229.726  0.9207  0.9441
1229.786  0.9214  0.9447
1229.845  0.9220  0.9452
1229.905  0.9226  0.9457
1229.965  0.9232  0.9462
1230.025  0.9239  0.9467
1230.085  0.9245  0.9472
1230.144  0.9250  0.9477
1230.204  0.9256  0.9482
1230.264  0.9262  0.9487
1230.324  0.9268  0.9491
1230.384  0.9274  0.9496
1230.443  0.9279  0.9500
1230.503  0.9285  0.9505
1230.563  0.9290  0.9509
1230.623  0.9296  0.9514
1230.683  0.9301  0.9518
1230.743  0.9306  0.9522
1230.802  0.9312  0.9527
1230.862  0.9317  0.9531
1230.922  0.9322  0.9535
1230.982  0.9327  0.9539
1231.042  0.9332  0.9543
1231.102  0.9337  0.9547
1231.161  0.9342  0.9551
1231.221  0.9347  0.9555
1231.281  0.9351  0.9558
1231.341  0.9356  0.9562
1231.401  0.9361  0.9566
1231.460  0.9365  0.9569
1231.520  0.9370  0.9573
1231.580  0.9375  0.9577
1231.640  0.9379  0.9580
1231.700  0.9384  0.9584
1231.760  0.9388  0.9587
1231.819  0.9392  0.9590
1231.879  0.9397  0.9594
1231.939  0.9401  0.9597
1231.999  0.9405  0.9600
1232.059  0.9409  0.9604
1232.118  0.9413  0.9607
1232.178  0.9417  0.9610
1232.238  0.9421  0.9613
1232.298  0.9425  0.9616
1232.358  0.9429  0.9619
1232.418  0.9433  0.9622
1232.477  0.9437  0.9625
1232.537  0.9441  0.9628
1232.597  0.9445  0.9631
1232.657  0.9449  0.9634
1232.717  0.9452  0.9637
1232.776  0.9456  0.9639
1232.836  0.9460  0.9642
1232.896  0.9463  0.9645
1232.956  0.9467  0.9648
1233.016  0.9470  0.9650
1233.076  0.9474  0.9653
1233.135  0.9477  0.9656
1233.195  0.9481  0.9658
1233.255  0.9484  0.9661
1233.315  0.9487  0.9663
1233.375  0.9491  0.9666
1233.434  0.9494  0.9668
1233.494  0.9497  0.9671
1233.554  0.9501  0.9673
1233.614  0.9504  0.9675
1233.674  0.9507  0.9678
1233.734  0.9510  0.9680
1233.793  0.9513  0.9682
1233.853  0.9516  0.9685
1233.913  0.9519  0.9687
1233.973  0.9522  0.9689
1234.033  0.9525  0.9691
1234.093  0.9528  0.9694
1234.152  0.9531  0.9696
1234.212  0.9534  0.9698
1234.272  0.9537  0.9700
1234.332  0.9540  0.9702
1234.392  0.9543  0.9704
1234.451  0.9546  0.9706
1234.511  0.9548  0.9708
1234.571  0.9551  0.9710
1234.631  0.9554  0.9712
1234.691  0.9557  0.9714
1234.750  0.9559  0.9716
1234.810  0.9562  0.9718
1234.870  0.9564  0.9720
1234.930  0.9567  0.9722
1234.990  0.9570  0.9724
1235.050  0.9572  0.9726
1235.109  0.9575  0.9727
1235.169  0.9577  0.9729
1235.229  0.9580  0.9731
1235.289  0.9582  0.9733
1235.349  0.9585  0.9735
1235.409  0.9587  0.9736
1235.468  0.9590  0.9738
1235.528  0.9592  0.9740
1235.588  0.9594  0.9741
1235.648  0.9597  0.9743
1235.708  0.9599  0.9745
1235.767  0.9601  0.9746
1235.827  0.9604  0.9748
1235.887  0.9606  0.9750
1235.947  0.9608  0.9751
1236.007  0.9610  0.9753
1236.067  0.9613  0.9754
1236.126  0.9615  0.9756
1236.186  0.9617  0.9758
1236.246  0.9619  0.9759
1236.306  0.9621  0.9761
1236.366  0.9623  0.9762
1236.426  0.9625  0.9764
1236.485  0.9627  0.9765
1236.545  0.9629  0.9766
1236.605  0.9632  0.9768
1236.665  0.9634  0.9769
1236.725  0.9636  0.9771
1236.784  0.9638  0.9772
1236.844  0.9640  0.9774
1236.904  0.9642  0.9775
1236.964  0.9643  0.9776
1237.024  0.9645  0.9778
1237.083  0.9647  0.9779
1237.143  0.9649  0.9780
1237.203  0.9651  0.9782
1237.263  0.9653  0.9783
1237.323  0.9655  0.9784
1237.383  0.9657  0.9785
1237.442  0.9658  0.9787
1237.502  0.9660  0.9788
1237.562  0.9662  0.9789
1237.622  0.9664  0.9790
1237.682  0.9666  0.9792
1237.742  0.9667  0.9793
1237.801  0.9669  0.9794
1237.861  0.9671  0.9795
1237.921  0.9673  0.9796
1237.981  0.9674  0.9798
1238.041  0.9676  0.9799
1238.100  0.9678  0.9800
1238.160  0.9679  0.9801
1238.220  0.9681  0.9802
1238.280  0.9683  0.9803
1238.340  0.9684  0.9804
1238.400  0.9686  0.9806
1238.459  0.9687  0.9807
1238.519  0.9689  0.9808
1238.579  0.9691  0.9809
1238.639  0.9692  0.9810
1238.699  0.9694  0.9811
1238.758  0.9695  0.9812
1238.818  0.9697  0.9813
1238.878  0.9698  0.9814
1238.938  0.9700  0.9815
1238.998  0.9701  0.9816
1239.058  0.9703  0.9817
1239.117  0.9704  0.9818
1239.177  0.9706  0.9819
1239.237  0.9707  0.9820
1239.297  0.9708  0.9821
1239.357  0.9710  0.9822
1239.417  0.9711  0.9823
1239.476  0.9713  0.9824
1239.536  0.9714  0.9825
1239.596  0.9715  0.9826
1239.656  0.9717  0.9827
1239.716  0.9718  0.9828
1239.775  0.9720  0.9828
1239.835  0.9721  0.9829
1239.895  0.9722  0.9830
1239.955  0.9724  0.9831
1240.015  0.9725  0.9832
1240.074  0.9726  0.9833
1240.134  0.9727  0.9834
1240.194  0.9729  0.9835
1240.254  0.9730  0.9835
1240.314  0.9731  0.9836
1240.374  0.9733  0.9837
1240.433  0.9734  0.9838
1240.493  0.9735  0.9839
1240.553  0.9736  0.9840
1240.613  0.9738  0.9840
1240.673  0.9739  0.9841
1240.733  0.9740  0.9842
1240.792  0.9741  0.9843
1240.852  0.9742  0.9844
1240.912  0.9744  0.9844
1240.972  0.9745  0.9845
1241.032  0.9746  0.9846
1241.091  0.9747  0.9847
1241.151  0.9748  0.9847
1241.211  0.9749  0.9848
1241.271  0.9750  0.9849
1241.331  0.9752  0.9850
1241.391  0.9753  0.9850
1241.450  0.9754  0.9851
1241.510  0.9755  0.9852
1241.570  0.9756  0.9853
1241.630  0.9757  0.9853
1241.690  0.9758  0.9854
1241.750  0.9759  0.9855
1241.809  0.9760  0.9856
1241.869  0.9761  0.9856
1241.929  0.9762  0.9857
1241.989  0.9763  0.9858
1242.049  0.9765  0.9858
1242.108  0.9766  0.9859
1242.168  0.9767  0.9860
1242.228  0.9768  0.9860
1242.288  0.9769  0.9861
1242.348  0.9770  0.9862
1242.407  0.9771  0.9862
1242.467  0.9772  0.9863
1242.527  0.9773  0.9864
1242.587  0.9774  0.9864
1242.647  0.9775  0.9865
1242.707  0.9775  0.9865
1242.766  0.9776  0.9866
1242.826  0.9777  0.9867
1242.886  0.9778  0.9867
1242.946  0.9779  0.9868
1243.006  0.9780  0.9869
1243.066  0.9781  0.9869
1243.125  0.9782  0.9870
1243.185  0.9783  0.9870
1243.245  0.9784  0.9871
1243.305  0.9785  0.9871
1243.365  0.9786  0.9872
1243.424  0.9787  0.9873
1243.484  0.9787  0.9873
1243.544  0.9788  0.9874
1243.604  0.9789  0.9874
1243.664  0.9790  0.9875
1243.724  0.9791  0.9875
1243.783  0.9792  0.9876
1243.843  0.9793  0.9877
1243.903  0.9794  0.9877
1243.963  0.9794  0.9878
1244.023  0.9795  0.9878
1244.082  0.9796  0.9879
1244.142  0.9797  0.9879
1244.202  0.9798  0.9880
1244.262  0.9799  0.9880
1244.322  0.9799  0.9881
1244.382  0.9800  0.9881
1244.441  0.9801  0.9882
1244.501  0.9802  0.9882
1244.561  0.9803  0.9883
1244.621  0.9803  0.9883
1244.681  0.9804  0.9884
1244.740  0.9805  0.9884
1244.800  0.9806  0.9885
1244.860  0.9806  0.9885
1244.920  0.9807  0.9886
1244.980  0.9808  0.9886
1245.040  0.9809  0.9887
1245.099  0.9809  0.9887
1245.159  0.9810  0.9888
1245.219  0.9811  0.9888
1245.279  0.9812  0.9889
1245.339  0.9812  0.9889
1245.398  0.9813  0.9890
1245.458  0.9814  0.9890
1245.518  0.9815  0.9891
1245.578  0.9815  0.9891
1245.638  0.9816  0.9892
1245.698  0.9817  0.9892
1245.757  0.9817  0.9892
1245.817  0.9818  0.9893
1245.877  0.9819  0.9893
1245.937  0.9820  0.9894
1245.997  0.9820  0.9894
1246.057  0.9821  0.9895
1246.116  0.9822  0.9895
1246.176  0.9822  0.9895
1246.236  0.9823  0.9896
1246.296  0.9824  0.9896
1246.356  0.9824  0.9897
1246.415  0.9825  0.9897
1246.475  0.9826  0.9898
1246.535  0.9826  0.9898
1246.595  0.9827  0.9898
1246.655  0.9828  0.9899
1246.714  0.9828  0.9899
1246.774  0.9829  0.9900
1246.834  0.9829  0.9900
1246.894  0.9830  0.9900
1246.954  0.9831  0.9901
1247.014  0.9831  0.9901
1247.073  0.9832  0.9902
1247.133  0.9833  0.9902
1247.193  0.9833  0.9902
1247.253  0.9834  0.9903
1247.313  0.9834  0.9903
1247.373  0.9835  0.9904
1247.432  0.9836  0.9904
1247.492  0.9836  0.9904
1247.552  0.9837  0.9905
1247.612  0.9837  0.9905
1247.672  0.9838  0.9905
1247.731  0.9839  0.9906
1247.791  0.9839  0.9906
1247.851  0.9840  0.9906
1247.911  0.9840  0.9907
1247.971  0.9841  0.9907
1248.031  0.9841  0.9908
1248.090  0.9842  0.9908
1248.150  0.9843  0.9908
1248.210  0.9843  0.9909
1248.270  0.9844  0.9909
1248.330  0.9844  0.9909
1248.390  0.9845  0.9910
1248.449  0.9845  0.9910
1248.509  0.9846  0.9910
1248.569  0.9846  0.9911
1248.629  0.9847  0.9911
1248.689  0.9848  0.9911
1248.748  0.9848  0.9912
1248.808  0.9849  0.9912
1248.868  0.9849  0.9912
1248.928  0.9850  0.9913
1248.988  0.9850  0.9913
1249.047  0.9851  0.9913
1249.107  0.9851  0.9914
1249.167  0.9852  0.9914
1249.227  0.9852  0.9914
1249.287  0.9853  0.9915
1249.347  0.9853  0.9915
1249.406  0.9854  0.9915
1249.466  0.9854  0.9915
1249.526  0.9855  0.9916
1249.586  0.9855  0.9916
1249.646  0.9856  0.9916
1249.706  0.9856  0.9917
1249.765  0.9857  0.9917
1249.825  0.9857  0.9917
1249.885  0.9858  0.9918
1249.945  0.9858  0.9918
1250.005  0.9859  0.9918
1250.064  0.9859  0.9918
1250.124  0.9860  0.9919
1250.184  0.9860  0.9919
1250.244  0.9861  0.9919
1250.304  0.9861  0.9920
1250.364  0.9861  0.9920
1250.423  0.9862  0.9920
1250.483  0.9862  0.9920
1250.543  0.9863  0.9921
1250.603  0.9863  0.9921
1250.663  0.9864  0.9921
1250.722  0.9864  0.9922
1250.782  0.9865  0.9922
1250.842  0.9865  0.9922
1250.902  0.9865  0.9922
1250.962  0.9866  0.9923
1251.022  0.9866  0.9923
1251.081  0.9867  0.9923
1251.141  0.9867  0.9924
1251.201  0.9868  0.9924
1251.261  0.9868  0.9924
1251.321  0.9869  0.9924
1251.380  0.9869  0.9925
1251.440  0.9869  0.9925
1251.500  0.9870  0.9925
1251.560  0.9870  0.9925
1251.620  0.9871  0.9926
1251.680  0.9871  0.9926
1251.739  0.9871  0.9926
1251.799  0.9872  0.9926
1251.859  0.9872  0.9927
1251.919  0.9873  0.9927
1251.979  0.9873  0.9927
1252.038  0.9873  0.9927
1252.098  0.9874  0.9928
1252.158  0.9874  0.9928
1252.218  0.9875  0.9928
1252.278  0.9875  0.9928
1252.338  0.9875  0.9929
1252.397  0.9876  0.9929
1252.457  0.9876  0.9929
1252.517  0.9877  0.9929
1252.577  0.9877  0.9929
1252.637  0.9877  0.9930
1252.697  0.9878  0.9930
1252.756  0.9878  0.9930
1252.816  0.9879  0.9930
1252.876  0.9879  0.9931
1252.936  0.9879  0.9931
1252.996  0.9880  0.9931
1253.055  0.9880  0.9931
1253.115  0.9880  0.9932
1253.175  0.9881  0.9932
1253.235  0.9881  0.9932
1253.295  0.9882  0.9932
1253.354  0.9882  0.9932
1253.414  0.9882  0.9933
1253.474  0.9883  0.9933
1253.534  0.9883  0.9933
1253.594  0.9883  0.9933
1253.654  0.9884  0.9934
1253.714  0.9884  0.9934
1253.773  0.9884  0.9934
1253.833  0.9885  0.9934
1253.893  0.9885  0.9934
1253.953  0.9885  0.9935
1254.013  0.9886  0.9935
1254.072  0.9886  0.9935
1254.132  0.9886  0.9935
1254.192  0.9887  0.9935
1254.252  0.9887  0.9936
1254.312  0.9887  0.9936
1254.371  0.9888  0.9936
1254.431  0.9888  0.9936
1254.491  0.9888  0.9936
1254.551  0.9889  0.9937
1254.611  0.9889  0.9937
1254.671  0.9889  0.9937
1254.730  0.9890  0.9937
1254.790  0.9890  0.9937
1254.850  0.9890  0.9938
1254.910  0.9891  0.9938
1254.970  0.9891  0.9938
1255.030  0.9891  0.9938
1255.089  0.9892  0.9938
1255.149  0.9892  0.9939
1255.209  0.9892  0.9939
1255.269  0.9893  0.9939
1255.329  0.9893  0.9939
1255.388  0.9893  0.9939
1255.448  0.9894  0.9939
1255.508  0.9894  0.9940
1255.568  0.9894  0.9940
1255.628  0.9894  0.9940
1255.688  0.9895  0.9940
1255.747  0.9895  0.9940
1255.807  0.9895  0.9941
1255.867  0.9896  0.9941
1255.927  0.9896  0.9941
1255.987  0.9896  0.9941
1256.046  0.9897  0.9941
1256.106  0.9897  0.9941
1256.166  0.9897  0.9942
1256.226  0.9897  0.9942
1256.286  0.9898  0.9942
1256.346  0.9898  0.9942
1256.405  0.9898  0.9942
1256.465  0.9899  0.9943
1256.525  0.9899  0.9943
1256.585  0.9899  0.9943
1256.645  0.9899  0.9943
1256.704  0.9900  0.9943
1256.764  0.9900  0.9943
1256.824  0.9900  0.9944
1256.884  0.9901  0.9944
1256.944  0.9901  0.9944
1257.004  0.9901  0.9944
1257.063  0.9901  0.9944
1257.123  0.9902  0.9944
1257.183  0.9902  0.9945
1257.243  0.9902  0.9945
1257.303  0.9903  0.9945
1257.362  0.9903  0.9945
1257.422  0.9903  0.9945
1257.482  0.9903  0.9945
1257.542  0.9904  0.9945
1257.602  0.9904  0.9946
1257.662  0.9904  0.9946
1257.721  0.9904  0.9946
1257.781  0.9905  0.9946
1257.841  0.9905  0.9946
1257.901  0.9905  0.9946
1257.961  0.9905  0.9947
1258.021  0.9906  0.9947
1258.080  0.9906  0.9947
1258.140  0.9906  0.9947
1258.200  0.9906  0.9947
1258.260  0.9907  0.9947
1258.320  0.9907  0.9947
1258.379  0.9907  0.9948
1258.439  0.9907  0.9948
1258.499  0.9908  0.9948
1258.559  0.9908  0.9948
1258.619  0.9908  0.9948
1258.678  0.9908  0.9948
1258.738  0.9909  0.9949
1258.798  0.9909  0.9949
1258.858  0.9909  0.9949
1258.918  0.9909  0.9949
1258.978  0.9910  0.9949
1259.037  0.9910  0.9949
1259.097  0.9910  0.9949
1259.157  0.9910  0.9949
1259.217  0.9911  0.9950
1259.277  0.9911  0.9950
1259.337  0.9911  0.9950
1259.396  0.9911  0.9950
1259.456  0.9912  0.9950
1259.516  0.9912  0.9950
1259.576  0.9912  0.9950
1259.636  0.9912  0.9951
1259.695  0.9912  0.9951
1259.755  0.9913  0.9951
1259.815  0.9913  0.9951
1259.875  0.9913  0.9951
1259.935  0.9913  0.9951
1259.995  0.9914  0.9951
1260.054  0.9914  0.9952
1260.114  0.9914  0.9952
1260.174  0.9914  0.9952
1260.234  0.9914  0.9952
1260.294  0.9915  0.9952
1260.354  0.9915  0.9952
1260.413  0.9915  0.9952
1260.473  0.9915  0.9952
1260.533  0.9916  0.9953
1260.593  0.9916  0.9953
1260.653  0.9916  0.9953
1260.712  0.9916  0.9953
1260.772  0.9916  0.9953
1260.832  0.9917  0.9953
1260.892  0.9917  0.9953
1260.952  0.9917  0.9953
1261.011  0.9917  0.9954
1261.071  0.9917  0.9954
1261.131  0.9918  0.9954
1261.191  0.9918  0.9954
1261.251  0.9918  0.9954
1261.311  0.9918  0.9954
1261.370  0.9919  0.9954
1261.430  0.9919  0.9954
1261.490  0.9919  0.9955
1261.550  0.9919  0.9955
1261.610  0.9919  0.9955
1261.670  0.9920  0.9955
1261.729  0.9920  0.9955
1261.789  0.9920  0.9955
1261.849  0.9920  0.9955
1261.909  0.9920  0.9955
1261.969  0.9921  0.9955
1262.028  0.9921  0.9956
1262.088  0.9921  0.9956
1262.148  0.9921  0.9956
1262.208  0.9921  0.9956
1262.268  0.9921  0.9956
1262.328  0.9922  0.9956
1262.387  0.9922  0.9956
1262.447  0.9922  0.9956
1262.507  0.9922  0.9957
1262.567  0.9922  0.9957
1262.627  0.9923  0.9957
1262.687  0.9923  0.9957
1262.746  0.9923  0.9957
1262.806  0.9923  0.9957
1262.866  0.9923  0.9957
1262.926  0.9924  0.9957
1262.986  0.9924  0.9957
1263.045  0.9924  0.9957
1263.105  0.9924  0.9958
1263.165  0.9924  0.9958
1263.225  0.9924  0.9958
1263.285  0.9925  0.9958
1263.344  0.9925  0.9958
1263.404  0.9925  0.9958
1263.464  0.9925  0.9958
1263.524  0.9925  0.9958
1263.584  0.9926  0.9958
1263.644  0.9926  0.9959
1263.703  0.9926  0.9959
1263.763  0.9926  0.9959
1263.823  0.9926  0.9959
1263.883  0.9926  0.9959
1263.943  0.9927  0.9959
1264.003  0.9927  0.9959
1264.062  0.9927  0.9959
1264.122  0.9927  0.9959
1264.182  0.9927  0.9959
1264.242  0.9927  0.9960
1264.302  0.9928  0.9960
1264.361  0.9928  0.9960
1264.421  0.9928  0.9960
1264.481  0.9928  0.9960
1264.541  0.9928  0.9960
1264.601  0.9929  0.9960
1264.661  0.9929  0.9960
1264.720  0.9929  0.9960
1264.780  0.9929  0.9960
1264.840  0.9929  0.9961
1264.900  0.9929  0.9961
1264.960  0.9930  0.9961
1265.019  0.9930  0.9961
1265.079  0.9930  0.9961
1265.139  0.9930  0.9961
1265.199  0.9930  0.9961
1265.259  0.9930  0.9961
1265.319  0.9930  0.9961
1265.378  0.9931  0.9961
1265.438  0.9931  0.9961
1265.498  0.9931  0.9962
1265.558  0.9931  0.9962
1265.618  0.9931  0.9962
1265.677  0.9931  0.9962
1265.737  0.9932  0.9962
1265.797  0.9932  0.9962
1265.857  0.9932  0.9962
1265.917  0.9932  0.9962
1265.977  0.9932  0.9962
1266.036  0.9932  0.9962
1266.096  0.9933  0.9962
1266.156  0.9933  0.9963
1266.216  0.9933  0.9963
1266.276  0.9933  0.9963
1266.335  0.9933  0.9963
1266.395  0.9933  0.9963
1266.455  0.9933  0.9963
1266.515  0.9934  0.9963
1266.575  0.9934  0.9963
1266.635  0.9934  0.9963
1266.694  0.9934  0.9963
1266.754  0.9934  0.9963
1266.814  0.9934  0.9964
1266.874  0.9934  0.9964
1266.934  0.9935  0.9964
1266.994  0.9935  0.9964
1267.053  0.9935  0.9964
1267.113  0.9935  0.9964
1267.173  0.9935  0.9964
1267.233  0.9935  0.9964
1267.293  0.9935  0.9964
1267.352  0.9936  0.9964
1267.412  0.9936  0.9964
1267.472  0.9936  0.9964
1267.532  0.9936  0.9965
1267.592  0.9936  0.9965
1267.651  0.9936  0.9965
1267.711  0.9936  0.9965
1267.771  0.9937  0.9965
1267.831  0.9937  0.9965
1267.891  0.9937  0.9965
1267.951  0.9937  0.9965
1268.010  0.9937  0.9965
1268.070  0.9937  0.9965
1268.130  0.9937  0.9965
1268.190  0.9938  0.9965
1268.250  0.9938  0.9965
1268.310  0.9938  0.9966
1268.369  0.9938  0.9966
1268.429  0.9938  0.9966
1268.489  0.9938  0.9966
1268.549  0.9938  0.9966
1268.609  0.9939  0.9966
1268.668  0.9939  0.9966
1268.728  0.9939  0.9966
1268.788  0.9939  0.9966
1268.848  0.9939  0.9966
1268.908  0.9939  0.9966
1268.968  0.9939  0.9966
1269.027  0.9939  0.9966
1269.087  0.9940  0.9967
1269.147  0.9940  0.9967
1269.207  0.9940  0.9967
1269.267  0.9940  0.9967
1269.327  0.9940  0.9967
1269.386  0.9940  0.9967
1269.446  0.9940  0.9967
1269.506  0.9940  0.9967
1269.566  0.9941  0.9967
1269.626  0.9941  0.9967
1269.685  0.9941  0.9967
1269.745  0.9941  0.9967
1269.805  0.9941  0.9967
1269.865  0.9941  0.9968
1269.925  0.9941  0.9968
1269.984  0.9941  0.9968
1270.044  0.9942  0.9968
1270.104  0.9942  0.9968
1270.164  0.9942  0.9968
1270.224  0.9942  0.9968
1270.284  0.9942  0.9968
1270.343  0.9942  0.9968
1270.403  0.9942  0.9968
1270.463  0.9942  0.9968
1270.523  0.9943  0.9968
1270.583  0.9943  0.9968
1270.643  0.9943  0.9968
1270.702  0.9943  0.9968
1270.762  0.9943  0.9969
1270.822  0.9943  0.9969
1270.882  0.9943  0.9969
1270.942  0.9943  0.9969
1271.001  0.9943  0.9969
1271.061  0.9944  0.9969
1271.121  0.9944  0.9969
1271.181  0.9944  0.9969
1271.241  0.9944  0.9969
1271.301  0.9944  0.9969
1271.360  0.9944  0.9969
1271.420  0.9944  0.9969
1271.480  0.9944  0.9969
1271.540  0.9945  0.9969
1271.600  0.9945  0.9969
1271.659  0.9945  0.9970
1271.719  0.9945  0.9970
1271.779  0.9945  0.9970
1271.839  0.9945  0.9970
1271.899  0.9945  0.9970
1271.959  0.9945  0.9970
1272.018  0.9945  0.9970
1272.078  0.9946  0.9970
1272.138  0.9946  0.9970
1272.198  0.9946  0.9970
1272.258  0.9946  0.9970
1272.318  0.9946  0.9970
1272.377  0.9946  0.9970
1272.437  0.9946  0.9970
1272.497  0.9946  0.9970
1272.557  0.9946  0.9970
1272.617  0.9946  0.9971
1272.676  0.9947  0.9971
1272.736  0.9947  0.9971
1272.796  0.9947  0.9971
1272.856  0.9947  0.9971
1272.916  0.9947  0.9971
1272.975  0.9947  0.9971
1273.035  0.9947  0.9971
1273.095  0.9947  0.9971
1273.155  0.9947  0.9971
1273.215  0.9948  0.9971
1273.275  0.9948  0.9971
1273.334  0.9948  0.9971
1273.394  0.9948  0.9971
1273.454  0.9948  0.9971
1273.514  0.9948  0.9971
1273.574  0.9948  0.9971
1273.634  0.9948  0.9972
1273.693  0.9948  0.9972
1273.753  0.9948  0.9972
1273.813  0.9949  0.9972
1273.873  0.9949  0.9972
1273.933  0.9949  0.9972
1273.992  0.9949  0.9972
1274.052  0.9949  0.9972
1274.112  0.9949  0.9972
1274.172  0.9949  0.9972
1274.232  0.9949  0.9972
1274.292  0.9949  0.9972
1274.351  0.9949  0.9972
1274.411  0.9950  0.9972
1274.471  0.9950  0.9972
1274.531  0.9950  0.9972
1274.591  0.9950  0.9972
1274.651  0.9950  0.9973
1274.710  0.9950  0.9973
1274.770  0.9950  0.9973
1274.830  0.9950  0.9973
1274.890  0.9950  0.9973
1274.950  0.9950  0.9973
1275.009  0.9951  0.9973
1275.069  0.9951  0.9973
1275.129  0.9951  0.9973
1275.189  0.9951  0.9973
1275.249  0.9951  0.9973
1275.308  0.9951  0.9973
1275.368  0.9951  0.9973
1275.428  0.9951  0.9973
1275.488  0.9951  0.9973
1275.548  0.9951  0.9973
1275.608  0.9951  0.9973
1275.667  0.9952  0.9973
1275.727  0.9952  0.9973
1275.787  0.9952  0.9974
1275.847  0.9952  0.9974
1275.907  0.9952  0.9974
1275.967  0.9952  0.9974
1276.026  0.9952  0.9974
1276.086  0.9952  0.9974
1276.146  0.9953  0.9974
1276.206  0.9953  0.9974
1276.266  0.9954  0.9975
1276.325  0.9955  0.9976
1276.385  0.9961  0.9978
1276.445  0.9975  0.9986
