#wl     HI_0   HI_1
1154.875  0.9979  1.0000
1154.934  0.9966  0.9999
1154.994  0.9963  0.9999
1155.054  0.9962  0.9999
1155.114  0.9962  0.9999
1155.174  0.9961  0.9999
1155.233  0.9961  0.9999
1155.293  0.9961  0.9999
1155.353  0.9961  0.9999
1155.413  0.9961  0.9999
1155.473  0.9961  0.9999
1155.532  0.9961  0.9999
1155.592  0.9961  0.9999
1155.652  0.9960  0.9999
1155.712  0.9960  0.9999
1155.772  0.9960  0.9999
1155.832  0.9960  0.9999
1155.891  0.9960  0.9999
1155.951  0.9960  0.9999
1156.011  0.9960  0.9999
1156.071  0.9960  0.9999
1156.131  0.9960  0.9999
1156.191  0.9960  0.9999
1156.250  0.9960  0.9999
1156.310  0.9959  0.9999
1156.370  0.9959  0.9999
1156.430  0.9959  0.9999
1156.490  0.9959  0.9999
1156.549  0.9959  0.9999
1156.609  0.9959  0.9999
1156.669  0.9959  0.9999
1156.729  0.9959  0.9999
1156.789  0.9959  0.9999
1156.849  0.9959  0.9999
1156.908  0.9959  0.9999
1156.968  0.9959  0.9999
1157.028  0.9958  0.9999
1157.088  0.9958  0.9999
1157.148  0.9958  0.9999
1157.208  0.9958  0.9999
1157.267  0.9958  0.9999
1157.327  0.9958  0.9999
1157.387  0.9958  0.9999
1157.447  0.9958  0.9999
1157.507  0.9958  0.9999
1157.566  0.9958  0.9999
1157.626  0.9958  0.9999
1157.686  0.9957  0.9999
1157.746  0.9957  0.9999
1157.806  0.9957  0.9999
1157.865  0.9957  0.9999
1157.925  0.9957  0.9999
1157.985  0.9957  0.9999
1158.045  0.9957  0.9999
1158.105  0.9957  0.9999
1158.165  0.9957  0.9999
1158.224  0.9957  0.9999
1158.284  0.9956  0.9999
1158.344  0.9956  0.9999
1158.404  0.9956  0.9999
1158.464  0.9956  0.9999
1158.524  0.9956  0.9999
1158.583  0.9956  0.9999
1158.643  0.9956  0.9999
1158.703  0.9956  0.9999
1158.763  0.9956  0.9999
1158.823  0.9956  0.9999
1158.882  0.9956  0.9999
1158.942  0.9955  0.9999
1159.002  0.9955  0.9999
1159.062  0.9955  0.9999
1159.122  0.9955  0.9999
1159.182  0.9955  0.9999
1159.241  0.9955  0.9999
1159.301  0.9955  0.9999
1159.361  0.9955  0.9999
1159.421  0.9955  0.9999
1159.481  0.9955  0.9999
1159.540  0.9954  0.9999
1159.600  0.9954  0.9999
1159.660  0.9954  0.9999
1159.720  0.9954  0.9999
1159.780  0.9954  0.9999
1159.840  0.9954  0.9999
1159.899  0.9954  0.9999
1159.959  0.9954  0.9999
1160.019  0.9954  0.9999
1160.079  0.9954  0.9999
1160.139  0.9953  0.9999
1160.198  0.9953  0.9999
1160.258  0.9953  0.9999
1160.318  0.9953  0.9999
1160.378  0.9953  0.9999
1160.438  0.9953  0.9999
1160.498  0.9953  0.9999
1160.557  0.9953  0.9999
1160.617  0.9953  0.9999
1160.677  0.9952  0.9999
1160.737  0.9952  0.9999
1160.797  0.9952  0.9999
1160.856  0.9952  0.9999
1160.916  0.9952  0.9999
1160.976  0.9952  0.9999
1161.036  0.9952  0.9999
1161.096  0.9952  0.9999
1161.156  0.9952  0.9999
1161.215  0.9951  0.9999
1161.275  0.9951  0.9999
1161.335  0.9951  0.9999
1161.395  0.9951  0.9999
1161.455  0.9951  0.9999
1161.515  0.9951  0.9999
1161.574  0.9951  0.9999
1161.634  0.9951  0.9999
1161.694  0.9951  0.9999
1161.754  0.9950  0.9999
1161.814  0.9950  0.9999
1161.873  0.9950  0.9999
1161.933  0.9950  0.9999
1161.993  0.9950  0.9999
1162.053  0.9950  0.9999
1162.113  0.9950  0.9999
1162.172  0.9950  0.9999
1162.232  0.9950  0.9999
1162.292  0.9949  0.9999
1162.352  0.9949  0.9999
1162.412  0.9949  0.9999
1162.472  0.9949  0.9999
1162.531  0.9949  0.9999
1162.591  0.9949  0.9999
1162.651  0.9949  0.9999
1162.711  0.9949  0.9999
1162.771  0.9948  0.9999
1162.831  0.9948  0.9999
1162.890  0.9948  0.9999
1162.950  0.9948  0.9999
1163.010  0.9948  0.9999
1163.070  0.9948  0.9999
1163.130  0.9948  0.9999
1163.189  0.9948  0.9999
1163.249  0.9947  0.9999
1163.309  0.9947  0.9999
1163.369  0.9947  0.9999
1163.429  0.9947  0.9999
1163.489  0.9947  0.9999
1163.548  0.9947  0.9999
1163.608  0.9947  0.9999
1163.668  0.9947  0.9999
1163.728  0.9946  0.9999
1163.788  0.9946  0.9999
1163.848  0.9946  0.9999
1163.907  0.9946  0.9999
1163.967  0.9946  0.9999
1164.027  0.9946  0.9999
1164.087  0.9946  0.9999
1164.147  0.9946  0.9999
1164.206  0.9945  0.9999
1164.266  0.9945  0.9999
1164.326  0.9945  0.9999
1164.386  0.9945  0.9999
1164.446  0.9945  0.9999
1164.505  0.9945  0.9999
1164.565  0.9945  0.9999
1164.625  0.9944  0.9999
1164.685  0.9944  0.9999
1164.745  0.9944  0.9999
1164.805  0.9944  0.9999
1164.865  0.9944  0.9999
1164.924  0.9944  0.9999
1164.984  0.9944  0.9999
1165.044  0.9943  0.9999
1165.104  0.9943  0.9999
1165.164  0.9943  0.9999
1165.223  0.9943  0.9999
1165.283  0.9943  0.9999
1165.343  0.9943  0.9999
1165.403  0.9943  0.9999
1165.463  0.9942  0.9999
1165.522  0.9942  0.9999
1165.582  0.9942  0.9999
1165.642  0.9942  0.9999
1165.702  0.9942  0.9999
1165.762  0.9942  0.9999
1165.822  0.9942  0.9999
1165.881  0.9941  0.9999
1165.941  0.9941  0.9999
1166.001  0.9941  0.9999
1166.061  0.9941  0.9999
1166.121  0.9941  0.9999
1166.181  0.9941  0.9999
1166.240  0.9941  0.9999
1166.300  0.9940  0.9999
1166.360  0.9940  0.9999
1166.420  0.9940  0.9999
1166.480  0.9940  0.9999
1166.539  0.9940  0.9999
1166.599  0.9940  0.9999
1166.659  0.9940  0.9999
1166.719  0.9939  0.9999
1166.779  0.9939  0.9999
1166.839  0.9939  0.9999
1166.898  0.9939  0.9999
1166.958  0.9939  0.9999
1167.018  0.9939  0.9999
1167.078  0.9938  0.9999
1167.138  0.9938  0.9999
1167.197  0.9938  0.9999
1167.257  0.9938  0.9999
1167.317  0.9938  0.9999
1167.377  0.9938  0.9999
1167.437  0.9937  0.9999
1167.497  0.9937  0.9999
1167.556  0.9937  0.9999
1167.616  0.9937  0.9999
1167.676  0.9937  0.9999
1167.736  0.9937  0.9999
1167.796  0.9937  0.9999
1167.855  0.9936  0.9999
1167.915  0.9936  0.9999
1167.975  0.9936  0.9999
1168.035  0.9936  0.9999
1168.095  0.9936  0.9999
1168.155  0.9936  0.9999
1168.214  0.9935  0.9999
1168.274  0.9935  0.9999
1168.334  0.9935  0.9999
1168.394  0.9935  0.9999
1168.454  0.9935  0.9999
1168.513  0.9934  0.9999
1168.573  0.9934  0.9999
1168.633  0.9934  0.9999
1168.693  0.9934  0.9999
1168.753  0.9934  0.9999
1168.813  0.9934  0.9999
1168.872  0.9933  0.9999
1168.932  0.9933  0.9999
1168.992  0.9933  0.9999
1169.052  0.9933  0.9999
1169.112  0.9933  0.9999
1169.172  0.9933  0.9999
1169.231  0.9932  0.9999
1169.291  0.9932  0.9999
1169.351  0.9932  0.9999
1169.411  0.9932  0.9999
1169.471  0.9932  0.9999
1169.530  0.9931  0.9999
1169.590  0.9931  0.9999
1169.650  0.9931  0.9999
1169.710  0.9931  0.9999
1169.770  0.9931  0.9999
1169.829  0.9931  0.9999
1169.889  0.9930  0.9999
1169.949  0.9930  0.9999
1170.009  0.9930  0.9999
1170.069  0.9930  0.9999
1170.129  0.9930  0.9999
1170.188  0.9929  0.9999
1170.248  0.9929  0.9999
1170.308  0.9929  0.9999
1170.368  0.9929  0.9999
1170.428  0.9929  0.9999
1170.488  0.9928  0.9999
1170.547  0.9928  0.9999
1170.607  0.9928  0.9999
1170.667  0.9928  0.9999
1170.727  0.9928  0.9999
1170.787  0.9927  0.9999
1170.846  0.9927  0.9999
1170.906  0.9927  0.9999
1170.966  0.9927  0.9999
1171.026  0.9927  0.9999
1171.086  0.9926  0.9999
1171.146  0.9926  0.9999
1171.205  0.9926  0.9999
1171.265  0.9926  0.9999
1171.325  0.9926  0.9999
1171.385  0.9925  0.9999
1171.445  0.9925  0.9999
1171.505  0.9925  0.9999
1171.564  0.9925  0.9999
1171.624  0.9925  0.9999
1171.684  0.9924  0.9999
1171.744  0.9924  0.9999
1171.804  0.9924  0.9999
1171.863  0.9924  0.9999
1171.923  0.9923  0.9999
1171.983  0.9923  0.9999
1172.043  0.9923  0.9999
1172.103  0.9923  0.9999
1172.162  0.9923  0.9999
1172.222  0.9922  0.9999
1172.282  0.9922  0.9999
1172.342  0.9922  0.9999
1172.402  0.9922  0.9999
1172.462  0.9921  0.9999
1172.521  0.9921  0.9999
1172.581  0.9921  0.9999
1172.641  0.9921  0.9999
1172.701  0.9921  0.9999
1172.761  0.9920  0.9999
1172.821  0.9920  0.9999
1172.880  0.9920  0.9999
1172.940  0.9920  0.9999
1173.000  0.9919  0.9999
1173.060  0.9919  0.9999
1173.120  0.9919  0.9999
1173.179  0.9919  0.9999
1173.239  0.9918  0.9999
1173.299  0.9918  0.9999
1173.359  0.9918  0.9999
1173.419  0.9918  0.9999
1173.479  0.9918  0.9999
1173.538  0.9917  0.9999
1173.598  0.9917  0.9999
1173.658  0.9917  0.9999
1173.718  0.9917  0.9999
1173.778  0.9916  0.9999
1173.837  0.9916  0.9998
1173.897  0.9916  0.9998
1173.957  0.9916  0.9998
1174.017  0.9915  0.9998
1174.077  0.9915  0.9998
1174.137  0.9915  0.9998
1174.196  0.9915  0.9998
1174.256  0.9914  0.9998
1174.316  0.9914  0.9998
1174.376  0.9914  0.9998
1174.436  0.9914  0.9998
1174.495  0.9913  0.9998
1174.555  0.9913  0.9998
1174.615  0.9913  0.9998
1174.675  0.9912  0.9998
1174.735  0.9912  0.9998
1174.795  0.9912  0.9998
1174.854  0.9912  0.9998
1174.914  0.9911  0.9998
1174.974  0.9911  0.9998
1175.034  0.9911  0.9998
1175.094  0.9911  0.9998
1175.153  0.9910  0.9998
1175.213  0.9910  0.9998
1175.273  0.9910  0.9998
1175.333  0.9910  0.9998
1175.393  0.9909  0.9998
1175.453  0.9909  0.9998
1175.512  0.9909  0.9998
1175.572  0.9908  0.9998
1175.632  0.9908  0.9998
1175.692  0.9908  0.9998
1175.752  0.9908  0.9998
1175.812  0.9907  0.9998
1175.871  0.9907  0.9998
1175.931  0.9907  0.9998
1175.991  0.9906  0.9998
1176.051  0.9906  0.9998
1176.111  0.9906  0.9998
1176.170  0.9906  0.9998
1176.230  0.9905  0.9998
1176.290  0.9905  0.9998
1176.350  0.9905  0.9998
1176.410  0.9904  0.9998
1176.469  0.9904  0.9998
1176.529  0.9904  0.9998
1176.589  0.9903  0.9998
1176.649  0.9903  0.9998
1176.709  0.9903  0.9998
1176.769  0.9903  0.9998
1176.828  0.9902  0.9998
1176.888  0.9902  0.9998
1176.948  0.9902  0.9998
1177.008  0.9901  0.9998
1177.068  0.9901  0.9998
1177.128  0.9901  0.9998
1177.187  0.9900  0.9998
1177.247  0.9900  0.9998
1177.307  0.9900  0.9998
1177.367  0.9899  0.9998
1177.427  0.9899  0.9998
1177.486  0.9899  0.9998
1177.546  0.9898  0.9998
1177.606  0.9898  0.9998
1177.666  0.9898  0.9998
1177.726  0.9897  0.9998
1177.786  0.9897  0.9998
1177.845  0.9897  0.9998
1177.905  0.9896  0.9998
1177.965  0.9896  0.9998
1178.025  0.9896  0.9998
1178.085  0.9895  0.9998
1178.145  0.9895  0.9998
1178.204  0.9895  0.9998
1178.264  0.9894  0.9998
1178.324  0.9894  0.9998
1178.384  0.9894  0.9998
1178.444  0.9893  0.9998
1178.503  0.9893  0.9998
1178.563  0.9893  0.9998
1178.623  0.9892  0.9998
1178.683  0.9892  0.9998
1178.743  0.9892  0.9998
1178.802  0.9891  0.9998
1178.862  0.9891  0.9998
1178.922  0.9890  0.9998
1178.982  0.9890  0.9998
1179.042  0.9890  0.9998
1179.102  0.9889  0.9998
1179.161  0.9889  0.9998
1179.221  0.9889  0.9998
1179.281  0.9888  0.9998
1179.341  0.9888  0.9998
1179.401  0.9887  0.9998
1179.461  0.9887  0.9998
1179.520  0.9887  0.9998
1179.580  0.9886  0.9998
1179.640  0.9886  0.9998
1179.700  0.9886  0.9998
1179.760  0.9885  0.9998
1179.819  0.9885  0.9998
1179.879  0.9884  0.9998
1179.939  0.9884  0.9998
1179.999  0.9884  0.9998
1180.059  0.9883  0.9998
1180.119  0.9883  0.9998
1180.178  0.9882  0.9998
1180.238  0.9882  0.9998
1180.298  0.9882  0.9998
1180.358  0.9881  0.9998
1180.418  0.9881  0.9998
1180.477  0.9880  0.9998
1180.537  0.9880  0.9998
1180.597  0.9879  0.9998
1180.657  0.9879  0.9998
1180.717  0.9879  0.9998
1180.777  0.9878  0.9998
1180.836  0.9878  0.9998
1180.896  0.9877  0.9998
1180.956  0.9877  0.9998
1181.016  0.9876  0.9998
1181.076  0.9876  0.9998
1181.135  0.9876  0.9998
1181.195  0.9875  0.9998
1181.255  0.9875  0.9998
1181.315  0.9874  0.9998
1181.375  0.9874  0.9998
1181.435  0.9873  0.9998
1181.494  0.9873  0.9998
1181.554  0.9872  0.9998
1181.614  0.9872  0.9998
1181.674  0.9871  0.9998
1181.734  0.9871  0.9998
1181.793  0.9871  0.9998
1181.853  0.9870  0.9998
1181.913  0.9870  0.9998
1181.973  0.9869  0.9998
1182.033  0.9869  0.9998
1182.093  0.9868  0.9998
1182.152  0.9868  0.9998
1182.212  0.9867  0.9998
1182.272  0.9867  0.9998
1182.332  0.9866  0.9998
1182.392  0.9866  0.9998
1182.452  0.9865  0.9998
1182.511  0.9865  0.9998
1182.571  0.9864  0.9998
1182.631  0.9864  0.9998
1182.691  0.9863  0.9998
1182.751  0.9863  0.9998
1182.810  0.9862  0.9998
1182.870  0.9862  0.9998
1182.930  0.9861  0.9998
1182.990  0.9861  0.9998
1183.050  0.9860  0.9998
1183.109  0.9860  0.9998
1183.169  0.9859  0.9998
1183.229  0.9859  0.9998
1183.289  0.9858  0.9998
1183.349  0.9858  0.9998
1183.409  0.9857  0.9997
1183.469  0.9856  0.9997
1183.528  0.9856  0.9997
1183.588  0.9855  0.9997
1183.648  0.9855  0.9997
1183.708  0.9854  0.9997
1183.768  0.9854  0.9997
1183.827  0.9853  0.9997
1183.887  0.9853  0.9997
1183.947  0.9852  0.9997
1184.007  0.9851  0.9997
1184.067  0.9851  0.9997
1184.126  0.9850  0.9997
1184.186  0.9850  0.9997
1184.246  0.9849  0.9997
1184.306  0.9849  0.9997
1184.366  0.9848  0.9997
1184.426  0.9847  0.9997
1184.485  0.9847  0.9997
1184.545  0.9846  0.9997
1184.605  0.9846  0.9997
1184.665  0.9845  0.9997
1184.725  0.9844  0.9997
1184.785  0.9844  0.9997
1184.844  0.9843  0.9997
1184.904  0.9842  0.9997
1184.964  0.9842  0.9997
1185.024  0.9841  0.9997
1185.084  0.9841  0.9997
1185.143  0.9840  0.9997
1185.203  0.9839  0.9997
1185.263  0.9839  0.9997
1185.323  0.9838  0.9997
1185.383  0.9837  0.9997
1185.443  0.9837  0.9997
1185.502  0.9836  0.9997
1185.562  0.9835  0.9997
1185.622  0.9835  0.9997
1185.682  0.9834  0.9997
1185.742  0.9833  0.9997
1185.801  0.9833  0.9997
1185.861  0.9832  0.9997
1185.921  0.9831  0.9997
1185.981  0.9831  0.9997
1186.041  0.9830  0.9997
1186.101  0.9829  0.9997
1186.160  0.9829  0.9997
1186.220  0.9828  0.9997
1186.280  0.9827  0.9997
1186.340  0.9826  0.9997
1186.400  0.9826  0.9997
1186.459  0.9825  0.9997
1186.519  0.9824  0.9997
1186.579  0.9823  0.9997
1186.639  0.9823  0.9997
1186.699  0.9822  0.9997
1186.759  0.9821  0.9997
1186.818  0.9820  0.9997
1186.878  0.9820  0.9997
1186.938  0.9819  0.9997
1186.998  0.9818  0.9997
1187.058  0.9817  0.9997
1187.117  0.9817  0.9997
1187.177  0.9816  0.9997
1187.237  0.9815  0.9997
1187.297  0.9814  0.9997
1187.357  0.9813  0.9997
1187.417  0.9813  0.9997
1187.476  0.9812  0.9997
1187.536  0.9811  0.9997
1187.596  0.9810  0.9997
1187.656  0.9809  0.9997
1187.716  0.9809  0.9997
1187.776  0.9808  0.9997
1187.835  0.9807  0.9997
1187.895  0.9806  0.9997
1187.955  0.9805  0.9997
1188.015  0.9804  0.9997
1188.075  0.9804  0.9997
1188.134  0.9803  0.9997
1188.194  0.9802  0.9997
1188.254  0.9801  0.9997
1188.314  0.9800  0.9997
1188.374  0.9799  0.9997
1188.433  0.9798  0.9997
1188.493  0.9797  0.9997
1188.553  0.9796  0.9996
1188.613  0.9796  0.9996
1188.673  0.9795  0.9996
1188.733  0.9794  0.9996
1188.792  0.9793  0.9996
1188.852  0.9792  0.9996
1188.912  0.9791  0.9996
1188.972  0.9790  0.9996
1189.032  0.9789  0.9996
1189.092  0.9788  0.9996
1189.151  0.9787  0.9996
1189.211  0.9786  0.9996
1189.271  0.9785  0.9996
1189.331  0.9784  0.9996
1189.391  0.9783  0.9996
1189.450  0.9782  0.9996
1189.510  0.9781  0.9996
1189.570  0.9780  0.9996
1189.630  0.9779  0.9996
1189.690  0.9778  0.9996
1189.750  0.9777  0.9996
1189.809  0.9776  0.9996
1189.869  0.9775  0.9996
1189.929  0.9774  0.9996
1189.989  0.9773  0.9996
1190.049  0.9772  0.9996
1190.109  0.9771  0.9996
1190.168  0.9770  0.9996
1190.228  0.9768  0.9996
1190.288  0.9767  0.9996
1190.348  0.9766  0.9996
1190.408  0.9765  0.9996
1190.467  0.9764  0.9996
1190.527  0.9763  0.9996
1190.587  0.9762  0.9996
1190.647  0.9761  0.9996
1190.707  0.9759  0.9996
1190.766  0.9758  0.9996
1190.826  0.9757  0.9996
1190.886  0.9756  0.9996
1190.946  0.9755  0.9996
1191.006  0.9753  0.9996
1191.066  0.9752  0.9996
1191.125  0.9751  0.9996
1191.185  0.9750  0.9996
1191.245  0.9749  0.9996
1191.305  0.9747  0.9996
1191.365  0.9746  0.9996
1191.425  0.9745  0.9996
1191.484  0.9744  0.9996
1191.544  0.9742  0.9996
1191.604  0.9741  0.9996
1191.664  0.9740  0.9996
1191.724  0.9738  0.9996
1191.783  0.9737  0.9996
1191.843  0.9736  0.9996
1191.903  0.9734  0.9996
1191.963  0.9733  0.9995
1192.023  0.9732  0.9995
1192.083  0.9730  0.9995
1192.142  0.9729  0.9995
1192.202  0.9728  0.9995
1192.262  0.9726  0.9995
1192.322  0.9725  0.9995
1192.382  0.9723  0.9995
1192.441  0.9722  0.9995
1192.501  0.9720  0.9995
1192.561  0.9719  0.9995
1192.621  0.9717  0.9995
1192.681  0.9716  0.9995
1192.741  0.9714  0.9995
1192.800  0.9713  0.9995
1192.860  0.9711  0.9995
1192.920  0.9710  0.9995
1192.980  0.9708  0.9995
1193.040  0.9707  0.9995
1193.099  0.9705  0.9995
1193.159  0.9704  0.9995
1193.219  0.9702  0.9995
1193.279  0.9701  0.9995
1193.339  0.9699  0.9995
1193.399  0.9697  0.9995
1193.458  0.9696  0.9995
1193.518  0.9694  0.9995
1193.578  0.9692  0.9995
1193.638  0.9691  0.9995
1193.698  0.9689  0.9995
1193.757  0.9687  0.9995
1193.817  0.9686  0.9995
1193.877  0.9684  0.9995
1193.937  0.9682  0.9995
1193.997  0.9680  0.9995
1194.057  0.9679  0.9995
1194.116  0.9677  0.9995
1194.176  0.9675  0.9995
1194.236  0.9673  0.9995
1194.296  0.9671  0.9995
1194.356  0.9669  0.9994
1194.416  0.9668  0.9994
1194.475  0.9666  0.9994
1194.535  0.9664  0.9994
1194.595  0.9662  0.9994
1194.655  0.9660  0.9994
1194.715  0.9658  0.9994
1194.774  0.9656  0.9994
1194.834  0.9654  0.9994
1194.894  0.9652  0.9994
1194.954  0.9650  0.9994
1195.014  0.9648  0.9994
1195.073  0.9646  0.9994
1195.133  0.9644  0.9994
1195.193  0.9642  0.9994
1195.253  0.9640  0.9994
1195.313  0.9638  0.9994
1195.373  0.9635  0.9994
1195.432  0.9633  0.9994
1195.492  0.9631  0.9994
1195.552  0.9629  0.9994
1195.612  0.9627  0.9994
1195.672  0.9625  0.9994
1195.732  0.9622  0.9994
1195.791  0.9620  0.9994
1195.851  0.9618  0.9994
1195.911  0.9615  0.9994
1195.971  0.9613  0.9994
1196.031  0.9611  0.9994
1196.090  0.9608  0.9994
1196.150  0.9606  0.9994
1196.210  0.9604  0.9993
1196.270  0.9601  0.9993
1196.330  0.9599  0.9993
1196.390  0.9596  0.9993
1196.449  0.9594  0.9993
1196.509  0.9591  0.9993
1196.569  0.9589  0.9993
1196.629  0.9586  0.9993
1196.689  0.9583  0.9993
1196.749  0.9581  0.9993
1196.808  0.9578  0.9993
1196.868  0.9575  0.9993
1196.928  0.9573  0.9993
1196.988  0.9570  0.9993
1197.048  0.9567  0.9993
1197.107  0.9565  0.9993
1197.167  0.9562  0.9993
1197.227  0.9559  0.9993
1197.287  0.9556  0.9993
1197.347  0.9553  0.9993
1197.406  0.9550  0.9993
1197.466  0.9547  0.9993
1197.526  0.9544  0.9993
1197.586  0.9541  0.9993
1197.646  0.9538  0.9992
1197.706  0.9535  0.9992
1197.766  0.9532  0.9992
1197.825  0.9529  0.9992
1197.885  0.9526  0.9992
1197.945  0.9523  0.9992
1198.005  0.9520  0.9992
1198.065  0.9516  0.9992
1198.124  0.9513  0.9992
1198.184  0.9510  0.9992
1198.244  0.9506  0.9992
1198.304  0.9503  0.9992
1198.364  0.9500  0.9992
1198.423  0.9496  0.9992
1198.483  0.9493  0.9992
1198.543  0.9489  0.9992
1198.603  0.9486  0.9992
1198.663  0.9482  0.9992
1198.723  0.9478  0.9992
1198.782  0.9475  0.9992
1198.842  0.9471  0.9991
1198.902  0.9467  0.9991
1198.962  0.9464  0.9991
1199.022  0.9460  0.9991
1199.082  0.9456  0.9991
1199.141  0.9452  0.9991
1199.201  0.9448  0.9991
1199.261  0.9444  0.9991
1199.321  0.9440  0.9991
1199.381  0.9436  0.9991
1199.440  0.9432  0.9991
1199.500  0.9428  0.9991
1199.560  0.9424  0.9991
1199.620  0.9419  0.9991
1199.680  0.9415  0.9991
1199.740  0.9411  0.9991
1199.799  0.9407  0.9991
1199.859  0.9402  0.9990
1199.919  0.9398  0.9990
1199.979  0.9393  0.9990
1200.039  0.9388  0.9990
1200.098  0.9384  0.9990
1200.158  0.9379  0.9990
1200.218  0.9374  0.9990
1200.278  0.9370  0.9990
1200.338  0.9365  0.9990
1200.398  0.9360  0.9990
1200.457  0.9355  0.9990
1200.517  0.9350  0.9990
1200.577  0.9345  0.9990
1200.637  0.9340  0.9990
1200.697  0.9335  0.9989
1200.756  0.9330  0.9989
1200.816  0.9324  0.9989
1200.876  0.9319  0.9989
1200.936  0.9313  0.9989
1200.996  0.9308  0.9989
1201.056  0.9302  0.9989
1201.115  0.9297  0.9989
1201.175  0.9291  0.9989
1201.235  0.9285  0.9989
1201.295  0.9280  0.9989
1201.355  0.9274  0.9989
1201.414  0.9268  0.9989
1201.474  0.9262  0.9988
1201.534  0.9256  0.9988
1201.594  0.9249  0.9988
1201.654  0.9243  0.9988
1201.714  0.9237  0.9988
1201.773  0.9231  0.9988
1201.833  0.9224  0.9988
1201.893  0.9217  0.9988
1201.953  0.9211  0.9988
1202.013  0.9204  0.9988
1202.073  0.9197  0.9987
1202.132  0.9190  0.9987
1202.192  0.9183  0.9987
1202.252  0.9176  0.9987
1202.312  0.9169  0.9987
1202.372  0.9162  0.9987
1202.431  0.9155  0.9987
1202.491  0.9147  0.9987
1202.551  0.9140  0.9987
1202.611  0.9132  0.9987
1202.671  0.9124  0.9986
1202.730  0.9117  0.9986
1202.790  0.9109  0.9986
1202.850  0.9101  0.9986
1202.910  0.9092  0.9986
1202.970  0.9084  0.9986
1203.030  0.9076  0.9986
1203.089  0.9067  0.9986
1203.149  0.9059  0.9986
1203.209  0.9050  0.9985
1203.269  0.9041  0.9985
1203.329  0.9032  0.9985
1203.389  0.9023  0.9985
1203.448  0.9014  0.9985
1203.508  0.9005  0.9985
1203.568  0.8995  0.9985
1203.628  0.8986  0.9985
1203.688  0.8976  0.9984
1203.747  0.8966  0.9984
1203.807  0.8956  0.9984
1203.867  0.8946  0.9984
1203.927  0.8936  0.9984
1203.987  0.8925  0.9984
1204.047  0.8915  0.9984
1204.106  0.8904  0.9983
1204.166  0.8893  0.9983
1204.226  0.8882  0.9983
1204.286  0.8871  0.9983
1204.346  0.8859  0.9983
1204.406  0.8848  0.9983
1204.465  0.8836  0.9982
1204.525  0.8824  0.9982
1204.585  0.8812  0.9982
1204.645  0.8800  0.9982
1204.705  0.8788  0.9982
1204.764  0.8775  0.9982
1204.824  0.8762  0.9981
1204.884  0.8749  0.9981
1204.944  0.8736  0.9981
1205.004  0.8723  0.9981
1205.063  0.8709  0.9981
1205.123  0.8695  0.9981
1205.183  0.8681  0.9980
1205.243  0.8667  0.9980
1205.303  0.8652  0.9980
1205.363  0.8638  0.9980
1205.422  0.8623  0.9980
1205.482  0.8608  0.9979
1205.542  0.8592  0.9979
1205.602  0.8577  0.9979
1205.662  0.8561  0.9979
1205.722  0.8544  0.9979
1205.781  0.8528  0.9978
1205.841  0.8511  0.9978
1205.901  0.8494  0.9978
1205.961  0.8477  0.9978
1206.021  0.8460  0.9977
1206.080  0.8442  0.9977
1206.140  0.8424  0.9977
1206.200  0.8405  0.9977
1206.260  0.8386  0.9976
1206.320  0.8367  0.9976
1206.380  0.8348  0.9976
1206.439  0.8328  0.9976
1206.499  0.8308  0.9975
1206.559  0.8288  0.9975
1206.619  0.8267  0.9975
1206.679  0.8246  0.9975
1206.738  0.8225  0.9974
1206.798  0.8203  0.9974
1206.858  0.8180  0.9974
1206.918  0.8157  0.9973
1206.978  0.8134  0.9973
1207.038  0.8111  0.9973
1207.097  0.8087  0.9973
1207.157  0.8063  0.9972
1207.217  0.8038  0.9972
1207.277  0.8012  0.9972
1207.337  0.7987  0.9971
1207.396  0.7961  0.9971
1207.456  0.7934  0.9971
1207.516  0.7907  0.9970
1207.576  0.7879  0.9970
1207.636  0.7851  0.9969
1207.696  0.7822  0.9969
1207.755  0.7793  0.9969
1207.815  0.7763  0.9968
1207.875  0.7732  0.9968
1207.935  0.7701  0.9968
1207.995  0.7670  0.9967
1208.054  0.7638  0.9967
1208.114  0.7605  0.9966
1208.174  0.7571  0.9966
1208.234  0.7537  0.9965
1208.294  0.7502  0.9965
1208.354  0.7466  0.9965
1208.413  0.7431  0.9964
1208.473  0.7393  0.9964
1208.533  0.7356  0.9963
1208.593  0.7317  0.9963
1208.653  0.7278  0.9962
1208.713  0.7237  0.9962
1208.772  0.7197  0.9961
1208.832  0.7155  0.9961
1208.892  0.7113  0.9960
1208.952  0.7069  0.9959
1209.012  0.7024  0.9959
1209.071  0.6980  0.9958
1209.131  0.6933  0.9958
1209.191  0.6886  0.9957
1209.251  0.6838  0.9956
1209.311  0.6788  0.9956
1209.370  0.6739  0.9955
1209.430  0.6687  0.9955
1209.490  0.6635  0.9954
1209.550  0.6581  0.9953
1209.610  0.6526  0.9952
1209.670  0.6470  0.9952
1209.729  0.6414  0.9951
1209.789  0.6355  0.9950
1209.849  0.6295  0.9949
1209.909  0.6234  0.9949
1209.969  0.6172  0.9948
1210.029  0.6108  0.9947
1210.088  0.6044  0.9946
1210.148  0.5978  0.9945
1210.208  0.5910  0.9944
1210.268  0.5841  0.9944
1210.328  0.5770  0.9943
1210.387  0.5699  0.9942
1210.447  0.5625  0.9941
1210.507  0.5549  0.9940
1210.567  0.5472  0.9939
1210.627  0.5393  0.9938
1210.687  0.5313  0.9936
1210.746  0.5232  0.9935
1210.806  0.5148  0.9934
1210.866  0.5063  0.9933
1210.926  0.4975  0.9932
1210.986  0.4886  0.9931
1211.046  0.4795  0.9929
1211.105  0.4704  0.9928
1211.165  0.4610  0.9927
1211.225  0.4513  0.9925
1211.285  0.4415  0.9924
1211.345  0.4315  0.9922
1211.404  0.4215  0.9921
1211.464  0.4111  0.9919
1211.524  0.4006  0.9918
1211.584  0.3899  0.9916
1211.644  0.3789  0.9914
1211.703  0.3681  0.9913
1211.763  0.3568  0.9911
1211.823  0.3454  0.9909
1211.883  0.3339  0.9907
1211.943  0.3222  0.9905
1212.003  0.3103  0.9903
1212.062  0.2986  0.9901
1212.122  0.2865  0.9899
1212.182  0.2743  0.9897
1212.242  0.2620  0.9894
1212.302  0.2497  0.9892
1212.362  0.2374  0.9890
1212.421  0.2252  0.9887
1212.481  0.2128  0.9884
1212.541  0.2004  0.9882
1212.601  0.1881  0.9879
1212.661  0.1759  0.9876
1212.720  0.1640  0.9873
1212.780  0.1520  0.9870
1212.840  0.1403  0.9866
1212.900  0.1288  0.9863
1212.960  0.1175  0.9859
1213.020  0.1066  0.9856
1213.079  0.0962  0.9852
1213.139  0.0861  0.9848
1213.199  0.0764  0.9844
1213.259  0.0672  0.9840
1213.319  0.0585  0.9835
1213.378  0.0506  0.9830
1213.438  0.0431  0.9826
1213.498  0.0362  0.9821
1213.558  0.0300  0.9815
1213.618  0.0245  0.9810
1213.678  0.0197  0.9804
1213.737  0.0155  0.9798
1213.797  0.0120  0.9792
1213.857  0.0090  0.9785
1213.917  0.0066  0.9778
1213.977  0.0047  0.9771
1214.036  0.0033  0.9763
1214.096  0.0022  0.9755
1214.156  0.0014  0.9747
1214.216  0.0009  0.9738
1214.276  0.0005  0.9728
1214.336  0.0003  0.9718
1214.395  0.0002  0.9708
1214.455  0.0001  0.9697
1214.515  0.0001  0.9685
1214.575  0.0001  0.9673
1214.635  0.0000  0.9660
1214.694  0.0000  0.9646
1214.754  0.0000  0.9631
1214.814  0.0000  0.9616
1214.874  0.0000  0.9599
1214.934  0.0000  0.9581
1214.994  0.0000  0.9562
1215.053  0.0000  0.9542
1215.113  0.0000  0.9520
1215.173  0.0000  0.9497
1215.233  0.0000  0.9472
1215.293  0.0000  0.9445
1215.353  0.0000  0.9416
1215.412  0.0000  0.9385
1215.472  0.0000  0.9351
1215.532  0.0000  0.9315
1215.592  0.0000  0.9275
1215.652  0.0000  0.9231
1215.711  0.0000  0.9185
1215.771  0.0000  0.9133
1215.831  0.0000  0.9076
1215.891  0.0000  0.9014
1215.951  0.0000  0.8945
1216.010  0.0000  0.8871
1216.070  0.0000  0.8787
1216.130  0.0000  0.8693
1216.190  0.0000  0.8589
1216.250  0.0000  0.8472
1216.310  0.0000  0.8341
1216.370  0.0000  0.8193
1216.429  0.0000  0.8028
1216.489  0.0000  0.7837
1216.549  0.0000  0.7620
1216.609  0.0000  0.7370
1216.669  0.0000  0.7083
1216.728  0.0000  0.6757
1216.788  0.0001  0.6374
1216.848  0.0001  0.5931
1216.908  0.0001  0.5417
1216.968  0.0002  0.4827
1217.027  0.0004  0.4167
1217.087  0.0006  0.3421
1217.147  0.0010  0.2622
1217.207  0.0016  0.1818
1217.267  0.0025  0.1093
1217.327  0.0037  0.0549
1217.386  0.0052  0.0245
1217.446  0.0073  0.0119
1217.506  0.0098  0.0073
1217.566  0.0129  0.0053
1217.626  0.0167  0.0046
1217.686  0.0211  0.0048
1217.745  0.0260  0.0063
1217.805  0.0317  0.0104
1217.865  0.0380  0.0224
1217.925  0.0450  0.0525
1217.985  0.0525  0.1065
1218.044  0.0606  0.1773
1218.104  0.0693  0.2573
1218.164  0.0785  0.3371
1218.224  0.0883  0.4117
1218.284  0.0984  0.4788
1218.344  0.1090  0.5380
1218.403  0.1197  0.5887
1218.463  0.1309  0.6334
1218.523  0.1423  0.6721
1218.583  0.1540  0.7055
1218.643  0.1659  0.7345
1218.702  0.1777  0.7593
1218.762  0.1898  0.7813
1218.822  0.2020  0.8006
1218.882  0.2142  0.8175
1218.942  0.2265  0.8325
1219.002  0.2387  0.8458
1219.061  0.2508  0.8574
1219.121  0.2630  0.8679
1219.181  0.2751  0.8774
1219.241  0.2871  0.8858
1219.301  0.2990  0.8935
1219.360  0.3106  0.9003
1219.420  0.3223  0.9066
1219.480  0.3339  0.9124
1219.540  0.3453  0.9176
1219.600  0.3566  0.9224
1219.660  0.3677  0.9267
1219.719  0.3784  0.9307
1219.779  0.3892  0.9344
1219.839  0.3998  0.9378
1219.899  0.4102  0.9410
1219.959  0.4204  0.9439
1220.018  0.4303  0.9466
1220.078  0.4402  0.9491
1220.138  0.4499  0.9515
1220.198  0.4594  0.9537
1220.258  0.4688  0.9557
1220.318  0.4780  0.9576
1220.377  0.4868  0.9594
1220.437  0.4956  0.9611
1220.497  0.5042  0.9627
1220.557  0.5127  0.9642
1220.617  0.5210  0.9656
1220.677  0.5291  0.9669
1220.736  0.5369  0.9681
1220.796  0.5447  0.9693
1220.856  0.5524  0.9704
1220.916  0.5598  0.9715
1220.976  0.5672  0.9725
1221.035  0.5742  0.9734
1221.095  0.5812  0.9743
1221.155  0.5881  0.9752
1221.215  0.5948  0.9760
1221.275  0.6014  0.9767
1221.334  0.6078  0.9775
1221.394  0.6141  0.9782
1221.454  0.6203  0.9788
1221.514  0.6263  0.9795
1221.574  0.6323  0.9801
1221.634  0.6381  0.9807
1221.693  0.6436  0.9812
1221.753  0.6492  0.9818
1221.813  0.6547  0.9823
1221.873  0.6600  0.9828
1221.933  0.6652  0.9832
1221.993  0.6703  0.9837
1222.052  0.6753  0.9841
1222.112  0.6802  0.9845
1222.172  0.6850  0.9849
1222.232  0.6897  0.9853
1222.292  0.6943  0.9857
1222.351  0.6988  0.9861
1222.411  0.7032  0.9864
1222.471  0.7075  0.9867
1222.531  0.7118  0.9871
1222.591  0.7159  0.9874
1222.651  0.7200  0.9877
1222.710  0.7240  0.9879
1222.770  0.7279  0.9882
1222.830  0.7317  0.9885
1222.890  0.7355  0.9887
1222.950  0.7392  0.9890
1223.010  0.7428  0.9892
1223.069  0.7463  0.9895
1223.129  0.7498  0.9897
1223.189  0.7532  0.9899
1223.249  0.7566  0.9901
1223.309  0.7599  0.9903
1223.368  0.7631  0.9905
1223.428  0.7662  0.9907
1223.488  0.7693  0.9909
1223.548  0.7724  0.9911
1223.608  0.7754  0.9913
1223.667  0.7783  0.9914
1223.727  0.7811  0.9916
1223.787  0.7840  0.9918
1223.847  0.7867  0.9919
1223.907  0.7895  0.9921
1223.967  0.7921  0.9922
1224.026  0.7947  0.9924
1224.086  0.7973  0.9925
1224.146  0.7998  0.9926
1224.206  0.8023  0.9928
1224.266  0.8048  0.9929
1224.326  0.8072  0.9930
1224.385  0.8095  0.9931
1224.445  0.8118  0.9933
1224.505  0.8141  0.9934
1224.565  0.8163  0.9935
1224.625  0.8185  0.9936
1224.684  0.8207  0.9937
1224.744  0.8228  0.9938
1224.804  0.8249  0.9939
1224.864  0.8269  0.9940
1224.924  0.8290  0.9941
1224.984  0.8309  0.9942
1225.043  0.8329  0.9943
1225.103  0.8348  0.9944
1225.163  0.8367  0.9945
1225.223  0.8385  0.9946
1225.283  0.8403  0.9946
1225.342  0.8421  0.9947
1225.402  0.8439  0.9948
1225.462  0.8456  0.9949
1225.522  0.8473  0.9950
1225.582  0.8490  0.9950
1225.642  0.8507  0.9951
1225.701  0.8523  0.9952
1225.761  0.8539  0.9953
1225.821  0.8555  0.9953
1225.881  0.8570  0.9954
1225.941  0.8585  0.9955
1226.000  0.8600  0.9955
1226.060  0.8615  0.9956
1226.120  0.8630  0.9956
1226.180  0.8644  0.9957
1226.240  0.8658  0.9958
1226.300  0.8672  0.9958
1226.359  0.8686  0.9959
1226.419  0.8699  0.9959
1226.479  0.8712  0.9960
1226.539  0.8726  0.9960
1226.599  0.8738  0.9961
1226.658  0.8751  0.9961
1226.718  0.8763  0.9962
1226.778  0.8776  0.9962
1226.838  0.8788  0.9963
1226.898  0.8800  0.9963
1226.958  0.8812  0.9964
1227.017  0.8823  0.9964
1227.077  0.8835  0.9965
1227.137  0.8846  0.9965
1227.197  0.8857  0.9966
1227.257  0.8868  0.9966
1227.317  0.8879  0.9966
1227.376  0.8890  0.9967
1227.436  0.8900  0.9967
1227.496  0.8911  0.9968
1227.556  0.8921  0.9968
1227.616  0.8931  0.9968
1227.675  0.8941  0.9969
1227.735  0.8951  0.9969
1227.795  0.8960  0.9969
1227.855  0.8970  0.9970
1227.915  0.8979  0.9970
1227.974  0.8989  0.9971
1228.034  0.8998  0.9971
1228.094  0.9007  0.9971
1228.154  0.9016  0.9972
1228.214  0.9025  0.9972
1228.274  0.9033  0.9972
1228.333  0.9042  0.9972
1228.393  0.9050  0.9973
1228.453  0.9059  0.9973
1228.513  0.9067  0.9973
1228.573  0.9075  0.9974
1228.633  0.9083  0.9974
1228.692  0.9091  0.9974
1228.752  0.9099  0.9974
1228.812  0.9107  0.9975
1228.872  0.9114  0.9975
1228.932  0.9122  0.9975
1228.991  0.9129  0.9976
1229.051  0.9136  0.9976
1229.111  0.9144  0.9976
1229.171  0.9151  0.9976
1229.231  0.9158  0.9977
1229.291  0.9165  0.9977
1229.350  0.9172  0.9977
1229.410  0.9179  0.9977
1229.470  0.9185  0.9977
1229.530  0.9192  0.9978
1229.590  0.9199  0.9978
1229.650  0.9205  0.9978
1229.709  0.9211  0.9978
1229.769  0.9218  0.9979
1229.829  0.9224  0.9979
1229.889  0.9230  0.9979
1229.949  0.9236  0.9979
1230.008  0.9242  0.9979
1230.068  0.9248  0.9980
1230.128  0.9254  0.9980
1230.188  0.9260  0.9980
1230.248  0.9266  0.9980
1230.307  0.9272  0.9980
1230.367  0.9277  0.9980
1230.427  0.9283  0.9981
1230.487  0.9288  0.9981
1230.547  0.9294  0.9981
1230.607  0.9299  0.9981
1230.667  0.9304  0.9981
1230.726  0.9310  0.9982
1230.786  0.9315  0.9982
1230.846  0.9320  0.9982
1230.906  0.9325  0.9982
1230.966  0.9330  0.9982
1231.025  0.9335  0.9982
1231.085  0.9340  0.9982
1231.145  0.9345  0.9983
1231.205  0.9350  0.9983
1231.265  0.9354  0.9983
1231.324  0.9359  0.9983
1231.384  0.9364  0.9983
1231.444  0.9368  0.9983
1231.504  0.9373  0.9984
1231.564  0.9377  0.9984
1231.624  0.9382  0.9984
1231.683  0.9386  0.9984
1231.743  0.9391  0.9984
1231.803  0.9395  0.9984
1231.863  0.9399  0.9984
1231.923  0.9404  0.9984
1231.983  0.9408  0.9985
1232.042  0.9412  0.9985
1232.102  0.9416  0.9985
1232.162  0.9420  0.9985
1232.222  0.9424  0.9985
1232.282  0.9428  0.9985
1232.341  0.9432  0.9985
1232.401  0.9436  0.9985
1232.461  0.9440  0.9986
1232.521  0.9443  0.9986
1232.581  0.9447  0.9986
1232.641  0.9451  0.9986
1232.700  0.9455  0.9986
1232.760  0.9458  0.9986
1232.820  0.9462  0.9986
1232.880  0.9465  0.9986
1232.940  0.9469  0.9986
1232.999  0.9472  0.9987
1233.059  0.9476  0.9987
1233.119  0.9479  0.9987
1233.179  0.9483  0.9987
1233.239  0.9486  0.9987
1233.299  0.9490  0.9987
1233.358  0.9493  0.9987
1233.418  0.9496  0.9987
1233.478  0.9499  0.9987
1233.538  0.9503  0.9987
1233.598  0.9506  0.9988
1233.657  0.9509  0.9988
1233.717  0.9512  0.9988
1233.777  0.9515  0.9988
1233.837  0.9518  0.9988
1233.897  0.9521  0.9988
1233.957  0.9524  0.9988
1234.016  0.9527  0.9988
1234.076  0.9530  0.9988
1234.136  0.9533  0.9988
1234.196  0.9536  0.9988
1234.256  0.9539  0.9988
1234.315  0.9542  0.9989
1234.375  0.9545  0.9989
1234.435  0.9547  0.9989
1234.495  0.9550  0.9989
1234.555  0.9553  0.9989
1234.615  0.9556  0.9989
1234.674  0.9558  0.9989
1234.734  0.9561  0.9989
1234.794  0.9564  0.9989
1234.854  0.9566  0.9989
1234.914  0.9569  0.9989
1234.974  0.9571  0.9989
1235.033  0.9574  0.9989
1235.093  0.9576  0.9990
1235.153  0.9579  0.9990
1235.213  0.9581  0.9990
1235.273  0.9584  0.9990
1235.332  0.9586  0.9990
1235.392  0.9589  0.9990
1235.452  0.9591  0.9990
1235.512  0.9593  0.9990
1235.572  0.9596  0.9990
1235.631  0.9598  0.9990
1235.691  0.9600  0.9990
1235.751  0.9603  0.9990
1235.811  0.9605  0.9990
1235.871  0.9607  0.9990
1235.931  0.9609  0.9990
1235.990  0.9612  0.9991
1236.050  0.9614  0.9991
1236.110  0.9616  0.9991
1236.170  0.9618  0.9991
1236.230  0.9620  0.9991
1236.290  0.9623  0.9991
1236.349  0.9625  0.9991
1236.409  0.9627  0.9991
1236.469  0.9629  0.9991
1236.529  0.9631  0.9991
1236.589  0.9633  0.9991
1236.648  0.9635  0.9991
1236.708  0.9637  0.9991
1236.768  0.9639  0.9991
1236.828  0.9641  0.9991
1236.888  0.9643  0.9991
1236.948  0.9645  0.9991
1237.007  0.9647  0.9991
1237.067  0.9649  0.9992
1237.127  0.9650  0.9992
1237.187  0.9652  0.9992
1237.247  0.9654  0.9992
1237.307  0.9656  0.9992
1237.366  0.9658  0.9992
1237.426  0.9660  0.9992
1237.486  0.9661  0.9992
1237.546  0.9663  0.9992
1237.606  0.9665  0.9992
1237.665  0.9667  0.9992
1237.725  0.9668  0.9992
1237.785  0.9670  0.9992
1237.845  0.9672  0.9992
1237.905  0.9674  0.9992
1237.964  0.9675  0.9992
1238.024  0.9677  0.9992
1238.084  0.9679  0.9992
1238.144  0.9680  0.9992
1238.204  0.9682  0.9992
1238.264  0.9684  0.9992
1238.323  0.9685  0.9992
1238.383  0.9687  0.9993
1238.443  0.9688  0.9993
1238.503  0.9690  0.9993
1238.563  0.9692  0.9993
1238.623  0.9693  0.9993
1238.682  0.9695  0.9993
1238.742  0.9696  0.9993
1238.802  0.9698  0.9993
1238.862  0.9699  0.9993
1238.922  0.9701  0.9993
1238.981  0.9702  0.9993
1239.041  0.9704  0.9993
1239.101  0.9705  0.9993
1239.161  0.9707  0.9993
1239.221  0.9708  0.9993
1239.281  0.9709  0.9993
1239.340  0.9711  0.9993
1239.400  0.9712  0.9993
1239.460  0.9714  0.9993
1239.520  0.9715  0.9993
1239.580  0.9716  0.9993
1239.639  0.9718  0.9993
1239.699  0.9719  0.9993
1239.759  0.9720  0.9993
1239.819  0.9722  0.9993
1239.879  0.9723  0.9993
1239.939  0.9724  0.9994
1239.998  0.9726  0.9994
1240.058  0.9727  0.9994
1240.118  0.9728  0.9994
1240.178  0.9730  0.9994
1240.238  0.9731  0.9994
1240.297  0.9732  0.9994
1240.357  0.9733  0.9994
1240.417  0.9735  0.9994
1240.477  0.9736  0.9994
1240.537  0.9737  0.9994
1240.597  0.9738  0.9994
1240.656  0.9740  0.9994
1240.716  0.9741  0.9994
1240.776  0.9742  0.9994
1240.836  0.9743  0.9994
1240.896  0.9744  0.9994
1240.955  0.9745  0.9994
1241.015  0.9747  0.9994
1241.075  0.9748  0.9994
1241.135  0.9749  0.9994
1241.195  0.9750  0.9994
1241.255  0.9751  0.9994
1241.314  0.9752  0.9994
1241.374  0.9753  0.9994
1241.434  0.9755  0.9994
1241.494  0.9756  0.9994
1241.554  0.9757  0.9994
1241.614  0.9758  0.9994
1241.673  0.9759  0.9994
1241.733  0.9760  0.9994
1241.793  0.9761  0.9994
1241.853  0.9762  0.9994
1241.913  0.9763  0.9995
1241.972  0.9764  0.9995
1242.032  0.9765  0.9995
1242.092  0.9766  0.9995
1242.152  0.9767  0.9995
1242.212  0.9768  0.9995
1242.271  0.9769  0.9995
1242.331  0.9770  0.9995
1242.391  0.9771  0.9995
1242.451  0.9772  0.9995
1242.511  0.9773  0.9995
1242.571  0.9774  0.9995
1242.630  0.9775  0.9995
1242.690  0.9776  0.9995
1242.750  0.9777  0.9995
1242.810  0.9778  0.9995
1242.870  0.9779  0.9995
1242.930  0.9780  0.9995
1242.989  0.9781  0.9995
1243.049  0.9782  0.9995
1243.109  0.9783  0.9995
1243.169  0.9784  0.9995
1243.229  0.9785  0.9995
1243.288  0.9785  0.9995
1243.348  0.9786  0.9995
1243.408  0.9787  0.9995
1243.468  0.9788  0.9995
1243.528  0.9789  0.9995
1243.588  0.9790  0.9995
1243.647  0.9791  0.9995
1243.707  0.9792  0.9995
1243.767  0.9792  0.9995
1243.827  0.9793  0.9995
1243.887  0.9794  0.9995
1243.947  0.9795  0.9995
1244.006  0.9796  0.9995
1244.066  0.9797  0.9995
1244.126  0.9797  0.9995
1244.186  0.9798  0.9995
1244.246  0.9799  0.9995
1244.305  0.9800  0.9995
1244.365  0.9801  0.9995
1244.425  0.9802  0.9995
1244.485  0.9802  0.9995
1244.545  0.9803  0.9996
1244.604  0.9804  0.9996
1244.664  0.9805  0.9996
1244.724  0.9805  0.9996
1244.784  0.9806  0.9996
1244.844  0.9807  0.9996
1244.904  0.9808  0.9996
1244.963  0.9808  0.9996
1245.023  0.9809  0.9996
1245.083  0.9810  0.9996
1245.143  0.9811  0.9996
1245.203  0.9811  0.9996
1245.263  0.9812  0.9996
1245.322  0.9813  0.9996
1245.382  0.9814  0.9996
1245.442  0.9814  0.9996
1245.502  0.9815  0.9996
1245.562  0.9816  0.9996
1245.621  0.9817  0.9996
1245.681  0.9817  0.9996
1245.741  0.9818  0.9996
1245.801  0.9819  0.9996
1245.861  0.9819  0.9996
1245.921  0.9820  0.9996
1245.980  0.9821  0.9996
1246.040  0.9821  0.9996
1246.100  0.9822  0.9996
1246.160  0.9823  0.9996
1246.220  0.9823  0.9996
1246.279  0.9824  0.9996
1246.339  0.9825  0.9996
1246.399  0.9825  0.9996
1246.459  0.9826  0.9996
1246.519  0.9827  0.9996
1246.579  0.9827  0.9996
1246.638  0.9828  0.9996
1246.698  0.9829  0.9996
1246.758  0.9829  0.9996
1246.818  0.9830  0.9996
1246.878  0.9831  0.9996
1246.938  0.9831  0.9996
1246.997  0.9832  0.9996
1247.057  0.9832  0.9996
1247.117  0.9833  0.9996
1247.177  0.9834  0.9996
1247.237  0.9834  0.9996
1247.296  0.9835  0.9996
1247.356  0.9835  0.9996
1247.416  0.9836  0.9996
1247.476  0.9837  0.9996
1247.536  0.9837  0.9996
1247.595  0.9838  0.9996
1247.655  0.9838  0.9996
1247.715  0.9839  0.9996
1247.775  0.9840  0.9996
1247.835  0.9840  0.9996
1247.895  0.9841  0.9996
1247.954  0.9841  0.9996
1248.014  0.9842  0.9996
1248.074  0.9842  0.9996
1248.134  0.9843  0.9996
1248.194  0.9844  0.9996
1248.254  0.9844  0.9997
1248.313  0.9845  0.9997
1248.373  0.9845  0.9997
1248.433  0.9846  0.9997
1248.493  0.9846  0.9997
1248.553  0.9847  0.9997
1248.612  0.9847  0.9997
1248.672  0.9848  0.9997
1248.732  0.9848  0.9997
1248.792  0.9849  0.9997
1248.852  0.9850  0.9997
1248.911  0.9850  0.9997
1248.971  0.9851  0.9997
1249.031  0.9851  0.9997
1249.091  0.9852  0.9997
1249.151  0.9852  0.9997
1249.211  0.9853  0.9997
1249.271  0.9853  0.9997
1249.330  0.9854  0.9997
1249.390  0.9854  0.9997
1249.450  0.9855  0.9997
1249.510  0.9855  0.9997
1249.570  0.9856  0.9997
1249.629  0.9856  0.9997
1249.689  0.9857  0.9997
1249.749  0.9857  0.9997
1249.809  0.9858  0.9997
1249.869  0.9858  0.9997
1249.928  0.9859  0.9997
1249.988  0.9859  0.9997
1250.048  0.9859  0.9997
1250.108  0.9860  0.9997
1250.168  0.9860  0.9997
1250.228  0.9861  0.9997
1250.287  0.9861  0.9997
1250.347  0.9862  0.9997
1250.407  0.9862  0.9997
1250.467  0.9863  0.9997
1250.527  0.9863  0.9997
1250.587  0.9864  0.9997
1250.646  0.9864  0.9997
1250.706  0.9865  0.9997
1250.766  0.9865  0.9997
1250.826  0.9865  0.9997
1250.886  0.9866  0.9997
1250.945  0.9866  0.9997
1251.005  0.9867  0.9997
1251.065  0.9867  0.9997
1251.125  0.9868  0.9997
1251.185  0.9868  0.9997
1251.245  0.9868  0.9997
1251.304  0.9869  0.9997
1251.364  0.9869  0.9997
1251.424  0.9870  0.9997
1251.484  0.9870  0.9997
1251.544  0.9871  0.9997
1251.603  0.9871  0.9997
1251.663  0.9871  0.9997
1251.723  0.9872  0.9997
1251.783  0.9872  0.9997
1251.843  0.9873  0.9997
1251.903  0.9873  0.9997
1251.962  0.9873  0.9997
1252.022  0.9874  0.9997
1252.082  0.9874  0.9997
1252.142  0.9875  0.9997
1252.202  0.9875  0.9997
1252.261  0.9875  0.9997
1252.321  0.9876  0.9997
1252.381  0.9876  0.9997
1252.441  0.9877  0.9997
1252.501  0.9877  0.9997
1252.561  0.9877  0.9997
1252.620  0.9878  0.9997
1252.680  0.9878  0.9997
1252.740  0.9878  0.9997
1252.800  0.9879  0.9997
1252.860  0.9879  0.9997
1252.919  0.9880  0.9997
1252.979  0.9880  0.9997
1253.039  0.9880  0.9997
1253.099  0.9881  0.9997
1253.159  0.9881  0.9997
1253.219  0.9881  0.9997
1253.278  0.9882  0.9997
1253.338  0.9882  0.9997
1253.398  0.9883  0.9997
1253.458  0.9883  0.9997
1253.518  0.9883  0.9997
1253.578  0.9884  0.9997
1253.637  0.9884  0.9997
1253.697  0.9884  0.9997
1253.757  0.9885  0.9997
1253.817  0.9885  0.9997
1253.877  0.9885  0.9997
1253.936  0.9886  0.9997
1253.996  0.9886  0.9997
1254.056  0.9886  0.9998
1254.116  0.9887  0.9998
1254.176  0.9887  0.9998
1254.235  0.9887  0.9998
1254.295  0.9888  0.9998
1254.355  0.9888  0.9998
1254.415  0.9888  0.9998
1254.475  0.9889  0.9998
1254.535  0.9889  0.9998
1254.594  0.9889  0.9998
1254.654  0.9890  0.9998
1254.714  0.9890  0.9998
1254.774  0.9890  0.9998
1254.834  0.9891  0.9998
1254.894  0.9891  0.9998
1254.953  0.9891  0.9998
1255.013  0.9892  0.9998
1255.073  0.9892  0.9998
1255.133  0.9892  0.9998
1255.193  0.9893  0.9998
1255.252  0.9893  0.9998
1255.312  0.9893  0.9998
1255.372  0.9894  0.9998
1255.432  0.9894  0.9998
1255.492  0.9894  0.9998
1255.552  0.9894  0.9998
1255.611  0.9895  0.9998
1255.671  0.9895  0.9998
1255.731  0.9895  0.9998
1255.791  0.9896  0.9998
1255.851  0.9896  0.9998
1255.911  0.9896  0.9998
1255.970  0.9897  0.9998
1256.030  0.9897  0.9998
1256.090  0.9897  0.9998
1256.150  0.9897  0.9998
1256.210  0.9898  0.9998
1256.269  0.9898  0.9998
1256.329  0.9898  0.9998
1256.389  0.9899  0.9998
1256.449  0.9899  0.9998
1256.509  0.9899  0.9998
1256.568  0.9899  0.9998
1256.628  0.9900  0.9998
1256.688  0.9900  0.9998
1256.748  0.9900  0.9998
1256.808  0.9901  0.9998
1256.868  0.9901  0.9998
1256.927  0.9901  0.9998
1256.987  0.9901  0.9998
1257.047  0.9902  0.9998
1257.107  0.9902  0.9998
1257.167  0.9902  0.9998
1257.227  0.9902  0.9998
1257.286  0.9903  0.9998
1257.346  0.9903  0.9998
1257.406  0.9903  0.9998
1257.466  0.9904  0.9998
1257.526  0.9904  0.9998
1257.585  0.9904  0.9998
1257.645  0.9904  0.9998
1257.705  0.9905  0.9998
1257.765  0.9905  0.9998
1257.825  0.9905  0.9998
1257.885  0.9905  0.9998
1257.944  0.9906  0.9998
1258.004  0.9906  0.9998
1258.064  0.9906  0.9998
1258.124  0.9906  0.9998
1258.184  0.9907  0.9998
1258.243  0.9907  0.9998
1258.303  0.9907  0.9998
1258.363  0.9907  0.9998
1258.423  0.9908  0.9998
1258.483  0.9908  0.9998
1258.543  0.9908  0.9998
1258.602  0.9908  0.9998
1258.662  0.9909  0.9998
1258.722  0.9909  0.9998
1258.782  0.9909  0.9998
1258.842  0.9909  0.9998
1258.901  0.9910  0.9998
1258.961  0.9910  0.9998
1259.021  0.9910  0.9998
1259.081  0.9910  0.9998
1259.141  0.9911  0.9998
1259.201  0.9911  0.9998
1259.260  0.9911  0.9998
1259.320  0.9911  0.9998
1259.380  0.9912  0.9998
1259.440  0.9912  0.9998
1259.500  0.9912  0.9998
1259.559  0.9912  0.9998
1259.619  0.9912  0.9998
1259.679  0.9913  0.9998
1259.739  0.9913  0.9998
1259.799  0.9913  0.9998
1259.859  0.9913  0.9998
1259.918  0.9914  0.9998
1259.978  0.9914  0.9998
1260.038  0.9914  0.9998
1260.098  0.9914  0.9998
1260.158  0.9914  0.9998
1260.218  0.9915  0.9998
1260.277  0.9915  0.9998
1260.337  0.9915  0.9998
1260.397  0.9915  0.9998
1260.457  0.9916  0.9998
1260.517  0.9916  0.9998
1260.576  0.9916  0.9998
1260.636  0.9916  0.9998
1260.696  0.9916  0.9998
1260.756  0.9917  0.9998
1260.816  0.9917  0.9998
1260.875  0.9917  0.9998
1260.935  0.9917  0.9998
1260.995  0.9917  0.9998
1261.055  0.9918  0.9998
1261.115  0.9918  0.9998
1261.175  0.9918  0.9998
1261.234  0.9918  0.9998
1261.294  0.9919  0.9998
1261.354  0.9919  0.9998
1261.414  0.9919  0.9998
1261.474  0.9919  0.9998
1261.534  0.9919  0.9998
1261.593  0.9920  0.9998
1261.653  0.9920  0.9998
1261.713  0.9920  0.9998
1261.773  0.9920  0.9998
1261.833  0.9920  0.9998
1261.892  0.9921  0.9998
1261.952  0.9921  0.9998
1262.012  0.9921  0.9998
1262.072  0.9921  0.9998
1262.132  0.9921  0.9998
1262.192  0.9922  0.9998
1262.251  0.9922  0.9998
1262.311  0.9922  0.9998
1262.371  0.9922  0.9998
1262.431  0.9922  0.9998
1262.491  0.9922  0.9998
1262.551  0.9923  0.9998
1262.610  0.9923  0.9998
1262.670  0.9923  0.9998
1262.730  0.9923  0.9998
1262.790  0.9923  0.9998
1262.850  0.9924  0.9998
1262.909  0.9924  0.9998
1262.969  0.9924  0.9998
1263.029  0.9924  0.9998
1263.089  0.9924  0.9998
1263.149  0.9925  0.9998
1263.208  0.9925  0.9998
1263.268  0.9925  0.9998
1263.328  0.9925  0.9998
1263.388  0.9925  0.9998
1263.448  0.9925  0.9998
1263.508  0.9926  0.9998
1263.567  0.9926  0.9998
1263.627  0.9926  0.9998
1263.687  0.9926  0.9998
1263.747  0.9926  0.9998
1263.807  0.9926  0.9998
1263.867  0.9927  0.9998
1263.926  0.9927  0.9998
1263.986  0.9927  0.9998
1264.046  0.9927  0.9998
1264.106  0.9927  0.9998
1264.166  0.9928  0.9998
1264.225  0.9928  0.9998
1264.285  0.9928  0.9998
1264.345  0.9928  0.9998
1264.405  0.9928  0.9998
1264.465  0.9928  0.9998
1264.525  0.9929  0.9998
1264.584  0.9929  0.9998
1264.644  0.9929  0.9998
1264.704  0.9929  0.9998
1264.764  0.9929  0.9998
1264.824  0.9929  0.9998
1264.883  0.9930  0.9998
1264.943  0.9930  0.9998
1265.003  0.9930  0.9998
1265.063  0.9930  0.9998
1265.123  0.9930  0.9998
1265.183  0.9930  0.9999
1265.242  0.9930  0.9999
1265.302  0.9931  0.9999
1265.362  0.9931  0.9999
1265.422  0.9931  0.9999
1265.482  0.9931  0.9999
1265.542  0.9931  0.9999
1265.601  0.9931  0.9999
1265.661  0.9932  0.9999
1265.721  0.9932  0.9999
1265.781  0.9932  0.9999
1265.841  0.9932  0.9999
1265.900  0.9932  0.9999
1265.960  0.9932  0.9999
1266.020  0.9933  0.9999
1266.080  0.9933  0.9999
1266.140  0.9933  0.9999
1266.199  0.9933  0.9999
1266.259  0.9933  0.9999
1266.319  0.9933  0.9999
1266.379  0.9933  0.9999
1266.439  0.9934  0.9999
1266.499  0.9934  0.9999
1266.558  0.9934  0.9999
1266.618  0.9934  0.9999
1266.678  0.9934  0.9999
1266.738  0.9934  0.9999
1266.798  0.9934  0.9999
1266.858  0.9935  0.9999
1266.917  0.9935  0.9999
1266.977  0.9935  0.9999
1267.037  0.9935  0.9999
1267.097  0.9935  0.9999
1267.157  0.9935  0.9999
1267.216  0.9935  0.9999
1267.276  0.9936  0.9999
1267.336  0.9936  0.9999
1267.396  0.9936  0.9999
1267.456  0.9936  0.9999
1267.516  0.9936  0.9999
1267.575  0.9936  0.9999
1267.635  0.9936  0.9999
1267.695  0.9937  0.9999
1267.755  0.9937  0.9999
1267.815  0.9937  0.9999
1267.875  0.9937  0.9999
1267.934  0.9937  0.9999
1267.994  0.9937  0.9999
1268.054  0.9937  0.9999
1268.114  0.9938  0.9999
1268.174  0.9938  0.9999
1268.233  0.9938  0.9999
1268.293  0.9938  0.9999
1268.353  0.9938  0.9999
1268.413  0.9938  0.9999
1268.473  0.9938  0.9999
1268.532  0.9939  0.9999
1268.592  0.9939  0.9999
1268.652  0.9939  0.9999
1268.712  0.9939  0.9999
1268.772  0.9939  0.9999
1268.832  0.9939  0.9999
1268.891  0.9939  0.9999
1268.951  0.9939  0.9999
1269.011  0.9940  0.9999
1269.071  0.9940  0.9999
1269.131  0.9940  0.9999
1269.191  0.9940  0.9999
1269.250  0.9940  0.9999
1269.310  0.9940  0.9999
1269.370  0.9940  0.9999
1269.430  0.9940  0.9999
1269.490  0.9941  0.9999
1269.549  0.9941  0.9999
1269.609  0.9941  0.9999
1269.669  0.9941  0.9999
1269.729  0.9941  0.9999
1269.789  0.9941  0.9999
1269.849  0.9941  0.9999
1269.908  0.9941  0.9999
1269.968  0.9942  0.9999
1270.028  0.9942  0.9999
1270.088  0.9942  0.9999
1270.148  0.9942  0.9999
1270.208  0.9942  0.9999
1270.267  0.9942  0.9999
1270.327  0.9942  0.9999
1270.387  0.9942  0.9999
1270.447  0.9943  0.9999
1270.507  0.9943  0.9999
1270.566  0.9943  0.9999
1270.626  0.9943  0.9999
1270.686  0.9943  0.9999
1270.746  0.9943  0.9999
1270.806  0.9943  0.9999
1270.865  0.9943  0.9999
1270.925  0.9944  0.9999
1270.985  0.9944  0.9999
1271.045  0.9944  0.9999
1271.105  0.9944  0.9999
1271.165  0.9944  0.9999
1271.224  0.9944  0.9999
1271.284  0.9944  0.9999
1271.344  0.9944  0.9999
1271.404  0.9944  0.9999
1271.464  0.9945  0.9999
1271.524  0.9945  0.9999
1271.583  0.9945  0.9999
1271.643  0.9945  0.9999
1271.703  0.9945  0.9999
1271.763  0.9945  0.9999
1271.823  0.9945  0.9999
1271.882  0.9945  0.9999
1271.942  0.9945  0.9999
1272.002  0.9946  0.9999
1272.062  0.9946  0.9999
1272.122  0.9946  0.9999
1272.182  0.9946  0.9999
1272.241  0.9946  0.9999
1272.301  0.9946  0.9999
1272.361  0.9946  0.9999
1272.421  0.9946  0.9999
1272.481  0.9946  0.9999
1272.540  0.9947  0.9999
1272.600  0.9947  0.9999
1272.660  0.9947  0.9999
1272.720  0.9947  0.9999
1272.780  0.9947  0.9999
1272.840  0.9947  0.9999
1272.899  0.9947  0.9999
1272.959  0.9947  0.9999
1273.019  0.9947  0.9999
1273.079  0.9947  0.9999
1273.139  0.9948  0.9999
1273.198  0.9948  0.9999
1273.258  0.9948  0.9999
1273.318  0.9948  0.9999
1273.378  0.9948  0.9999
1273.438  0.9948  0.9999
1273.498  0.9948  0.9999
1273.557  0.9948  0.9999
1273.617  0.9948  0.9999
1273.677  0.9949  0.9999
1273.737  0.9949  0.9999
1273.797  0.9949  0.9999
1273.856  0.9949  0.9999
1273.916  0.9949  0.9999
1273.976  0.9949  0.9999
1274.036  0.9949  0.9999
1274.096  0.9949  0.9999
1274.156  0.9949  0.9999
1274.215  0.9949  0.9999
1274.275  0.9950  0.9999
1274.335  0.9950  0.9999
1274.395  0.9950  0.9999
1274.455  0.9950  0.9999
1274.515  0.9950  0.9999
1274.574  0.9950  0.9999
1274.634  0.9950  0.9999
1274.694  0.9950  0.9999
1274.754  0.9950  0.9999
1274.814  0.9950  0.9999
1274.873  0.9950  0.9999
1274.933  0.9951  0.9999
1274.993  0.9951  0.9999
1275.053  0.9951  0.9999
1275.113  0.9951  0.9999
1275.172  0.9951  0.9999
1275.232  0.9951  0.9999
1275.292  0.9951  0.9999
1275.352  0.9951  0.9999
1275.412  0.9951  0.9999
1275.472  0.9951  0.9999
1275.531  0.9952  0.9999
1275.591  0.9952  0.9999
1275.651  0.9952  0.9999
1275.711  0.9952  0.9999
1275.771  0.9952  0.9999
1275.831  0.9952  0.9999
1275.890  0.9952  0.9999
1275.950  0.9952  0.9999
1276.010  0.9952  0.9999
1276.070  0.9952  0.9999
1276.130  0.9953  0.9999
1276.189  0.9953  0.9999
1276.249  0.9953  0.9999
1276.309  0.9954  0.9999
1276.369  0.9955  0.9999
1276.429  0.9959  0.9999
1276.489  0.9975  0.9999
